0.0000 0.0000 3200 
0.0000 0.0000 0 
0.0000 0.0000 0 
0.0000 0.0000 0 
0.0000 0.0000 4.15002 
0.0000 0.0000 1914.00000 
0.0000 0.0000 7 
0.0062 8.7741 1600 
0.0560 10.0275 0 
0.1182 11.2809 0 
0.1680 12.5344 0 
0.1680 13.7878 0 
0.1182 15.0413 0 
0.1244 16.2947 0 
0.0996 17.5481 0.000 
0.1805 18.8016  
0.1431 20.0550  
0.2489 21.3084  
0.5040 22.5619  
0.5600 23.8153  
0.4045 25.0688  
0.4542 26.3222  
0.5102 27.5756  
0.4605 28.8291  
0.0124 30.0825  
0.4356 31.3359  
0.4356 32.5894  
0.3733 33.8428  
0.7280 35.0963  
0.7965 36.3497  
0.1182 37.6031  
0.1369 38.8566  
0.1182 40.1100  
0.3173 41.3634  
0.6845 42.6169  
0.5414 43.8703  
0.1431 45.1238  
0.4107 46.3772  
1.0392 47.6306  
0.9458 48.8841  
0.5040 50.1375  
1.5805 51.3909  
1.8170 52.6444  
1.2694 53.8978  
1.0827 55.1513  
0.3733 56.4047  
1.0578 57.6581  
1.4561 58.9116  
1.9850 60.1650  
1.0765 61.4184  
2.8063 62.6719  
3.7957 63.9253  
2.3894 65.1788  
0.0560 66.4322  
2.0410 67.6856  
1.6490 68.9391  
1.5743 70.1925  
0.3982 71.4459  
2.7503 72.6994  
1.5058 73.9528  
0.7342 75.2063  
1.5556 76.4597  
2.7877 77.7131  
3.3290 78.9666  
3.7770 80.2200  
3.1797 81.4734  
2.5014 82.7269  
2.7565 83.9803  
2.3459 85.2338  
1.9912 86.4872  
1.0889 87.7406  
1.2507 88.9941  
2.2027 90.2475  
1.9601 91.5009  
1.7983 92.7544  
2.1716 94.0078  
2.1467 95.2613  
1.9539 96.5147  
1.4249 97.7681  
1.6427 99.0216  
0.7778 100.2750  
1.3067 101.5284  
1.2320 102.7819  
0.6782 104.0353  
0.8649 105.2888  
1.5992 106.5422  
1.3005 107.7956  
1.1636 109.0491  
0.8649 110.3025  
0.6098 111.5559  
1.0143 112.8094  
0.5538 114.0628  
0.5662 115.3163  
1.1263 116.5697  
1.1636 117.8231  
0.6160 119.0766  
0.1805 120.3300  
0.2240 121.5834  
0.3422 122.8369  
0.4729 124.0903  
0.2551 125.3438  
0.2676 126.5972  
0.2427 127.8506  
0.1431 129.1041  
0.0622 130.3575  
0.3485 131.6109  
0.1618 132.8644  
0.5662 134.1178  
0.5538 135.3713  
1.0080 136.6247  
0.3485 137.8781  
0.1493 139.1316  
0.0560 140.3850  
0.3422 141.6384  
0.3796 142.8919  
0.1680 144.1453  
0.1991 145.3988  
0.2302 146.6522  
0.1805 147.9056  
0.1680 149.1591  
0.3547 150.4125  
0.1307 151.6659  
0.0933 152.9194  
0.4356 154.1728  
0.2800 155.4263  
0.6658 156.6797  
0.4978 157.9331  
0.2302 159.1866  
0.0560 160.4400  
0.3485 161.6934  
0.4107 162.9469  
0.4729 164.2003  
0.5102 165.4538  
0.2987 166.7072  
0.2053 167.9606  
0.1680 169.2141  
0.7342 170.4675  
0.9520 171.7209  
0.6534 172.9744  
0.6658 174.2278  
0.4916 175.4813  
0.6658 176.7347  
0.8214 177.9881  
0.5725 179.2416  
0.3547 180.4950  
0.6845 181.7484  
0.8214 183.0019  
0.4045 184.2553  
0.3422 185.5088  
0.3173 186.7622  
0.0684 188.0156  
0.1556 189.2691  
0.1058 190.5225  
0.4542 191.7759  
0.3671 193.0294  
0.2925 194.2828  
0.0311 195.5363  
0.1867 196.7897  
0.4854 198.0431  
1.2445 199.2966  
1.1263 200.5500  
0.1244 201.8034  
0.3360 203.0569  
0.2862 204.3103  
0.4231 205.5638  
0.5600 206.8172  
0.6907 208.0706  
0.5289 209.3241  
0.2427 210.5775  
0.0311 211.8309  
0.1493 213.0844  
0.3796 214.3378  
0.4418 215.5913  
0.1120 216.8447  
0.0062 218.0981  
0.3796 219.3516  
0.1867 220.6050  
0.3298 221.8584  
0.2738 223.1119  
0.2116 224.3653  
0.2116 225.6188  
0.2800 226.8722  
0.1991 228.1256  
0.2302 229.3791  
0.1805 230.6325  
0.2178 231.8859  
0.2551 233.1394  
0.1556 234.3928  
0.2427 235.6463  
0.2427 236.8997  
0.2551 238.1531  
0.3671 239.4066  
0.2489 240.6600  
0.0933 241.9134  
0.1182 243.1669  
0.1431 244.4203  
0.3236 245.6738  
0.1307 246.9272  
0.0996 248.1806  
0.1369 249.4341  
0.1058 250.6875  
0.2365 251.9409  
0.2987 253.1944  
0.3173 254.4478  
0.0622 255.7013  
0.0747 256.9547  
0.1991 258.2081  
0.3049 259.4616  
0.1805 260.7150  
0.1556 261.9684  
0.2178 263.2219  
0.1805 264.4753  
0.1742 265.7288  
0.0373 266.9822  
0.1556 268.2356  
0.1120 269.4891  
0.1120 270.7425  
0.1058 271.9959  
0.1058 273.2494  
0.3609 274.5028  
0.2862 275.7563  
0.0684 277.0097  
0.2178 278.2631  
0.1182 279.5166  
0.0311 280.7700  
0.1493 282.0234  
0.2987 283.2769  
0.1369 284.5303  
0.5040 285.7838  
0.5227 287.0372  
0.1618 288.2906  
0.2365 289.5441  
0.3796 290.7975  
0.2738 292.0509  
0.0684 293.3044  
0.1244 294.5578  
0.1120 295.8113  
0.1120 297.0647  
0.0560 298.3181  
0.1244 299.5716  
0.0933 300.8250  
0.0498 302.0784  
0.0436 303.3319  
0.2240 304.5853  
0.1493 305.8388  
0.0933 307.0922  
0.1680 308.3456  
0.0436 309.5991  
0.0809 310.8525  
0.1120 312.1059  
0.2489 313.3594  
0.2987 314.6128  
0.2489 315.8663  
0.1680 317.1197  
0.2427 318.3731  
0.1556 319.6266  
0.0996 320.8800  
0.2302 322.1334  
0.2240 323.3869  
0.1991 324.6403  
0.2551 325.8938  
0.0871 327.1472  
0.2053 328.4006  
0.2862 329.6541  
0.2302 330.9075  
0.1742 332.1609  
0.0436 333.4144  
0.1307 334.6678  
0.0933 335.9213  
0.1805 337.1747  
0.1307 338.4281  
0.0373 339.6816  
0.1307 340.9350  
0.2551 342.1884  
0.2178 343.4419  
0.0747 344.6953  
0.0996 345.9488  
0.0809 347.2022  
0.1431 348.4556  
0.1058 349.7091  
0.1120 350.9625  
0.1805 352.2159  
0.1369 353.4694  
0.1182 354.7228  
0.0809 355.9763  
0.0684 357.2297  
0.0373 358.4831  
0.1493 359.7366  
0.2427 360.9900  
0.1058 362.2434  
0.0187 363.4969  
0.0747 364.7503  
0.0747 366.0038  
0.0498 367.2572  
0.1244 368.5106  
0.2551 369.7641  
0.2489 371.0175  
0.2365 372.2709  
0.1058 373.5244  
0.1805 374.7778  
0.1493 376.0313  
0.0871 377.2847  
0.0996 378.5381  
0.0747 379.7916  
0.1369 381.0450  
0.2116 382.2984  
0.0249 383.5519  
0.1805 384.8053  
0.1369 386.0588  
0.1058 387.3122  
0.1556 388.5656  
0.2489 389.8191  
0.1805 391.0725  
0.1680 392.3259  
0.1182 393.5794  
0.2053 394.8328  
0.1307 396.0863  
0.0373 397.3397  
0.1120 398.5931  
0.1742 399.8466  
0.1182 401.1000  
0.1369 402.3534  
0.2862 403.6069  
0.2613 404.8603  
0.1120 406.1138  
0.0933 407.3672  
0.1120 408.6206  
0.1120 409.8741  
0.0622 411.1275  
0.0871 412.3809  
0.0933 413.6344  
0.0996 414.8878  
0.2116 416.1413  
0.2925 417.3947  
0.1991 418.6481  
0.1431 419.9016  
0.1680 421.1550  
0.1307 422.4084  
0.1244 423.6619  
0.0498 424.9153  
0.0311 426.1688  
0.0560 427.4222  
0.0560 428.6756  
0.0622 429.9291  
0.1244 431.1825  
0.1493 432.4359  
0.2240 433.6894  
0.1493 434.9428  
0.1120 436.1963  
0.0996 437.4497  
0.1493 438.7031  
0.1805 439.9566  
0.1867 441.2100  
0.0747 442.4634  
0.1493 443.7169  
0.1244 444.9703  
0.0187 446.2238  
0.1680 447.4772  
0.1742 448.7306  
0.0436 449.9841  
0.0747 451.2375  
0.0871 452.4909  
0.1369 453.7444  
0.1369 454.9978  
0.0933 456.2513  
0.0498 457.5047  
0.0249 458.7581  
0.0809 460.0116  
0.1618 461.2650  
0.1431 462.5184  
0.2053 463.7719  
0.1369 465.0253  
0.0560 466.2788  
0.0933 467.5322  
0.1058 468.7856  
0.1929 470.0391  
0.1369 471.2925  
0.1058 472.5459  
0.1431 473.7994  
0.1867 475.0528  
0.0124 476.3063  
0.0809 477.5597  
0.0996 478.8131  
0.0311 480.0666  
0.0311 481.3200  
0.0933 482.5734  
0.1307 483.8269  
0.0871 485.0803  
0.0498 486.3338  
0.0871 487.5872  
0.0311 488.8406  
0.0560 490.0941  
0.1182 491.3475  
0.0747 492.6009  
0.0311 493.8544  
0.0809 495.1078  
0.1618 496.3613  
0.1618 497.6147  
0.2240 498.8681  
0.1431 500.1216  
0.0498 501.3750  
0.1058 502.6284  
0.0560 503.8819  
0.0249 505.1353  
0.1120 506.3888  
0.1182 507.6422  
0.0249 508.8956  
0.0373 510.1491  
0.0996 511.4025  
0.0436 512.6559  
0.0124 513.9094  
0.0062 515.1628  
0.0249 516.4163  
0.0684 517.6697  
0.1182 518.9231  
0.1680 520.1766  
0.1244 521.4300  
0.0062 522.6834  
0.0373 523.9369  
0.0311 525.1903  
0.1431 526.4438  
0.0809 527.6972  
0.0436 528.9506  
0.0622 530.2041  
0.0373 531.4575  
0.0498 532.7109  
0.0684 533.9644  
0.0933 535.2178  
0.1618 536.4713  
0.0809 537.7247  
0.0436 538.9781  
0.0498 540.2316  
0.0933 541.4850  
0.1120 542.7384  
0.0933 543.9919  
0.1244 545.2453  
0.0436 546.4988  
0.1182 547.7522  
0.0373 549.0056  
0.0622 550.2591  
0.1369 551.5125  
0.0933 552.7659  
0.0436 554.0194  
0.0062 555.2728  
0.1058 556.5263  
0.0933 557.7797  
0.0373 559.0331  
0.1182 560.2866  
0.0311 561.5400  
0.0311 562.7934  
0.0311 564.0469  
0.0933 565.3003  
0.0622 566.5538  
0.0373 567.8072  
0.1556 569.0606  
0.2240 570.3141  
0.1431 571.5675  
0.0187 572.8209  
0.0498 574.0744  
0.0373 575.3278  
0.0498 576.5813  
0.0933 577.8347  
0.1742 579.0881  
0.2427 580.3416  
0.1369 581.5950  
0.0124 582.8484  
0.0747 584.1019  
0.0373 585.3553  
0.0560 586.6088  
0.0747 587.8622  
0.0187 589.1156  
0.0560 590.3691  
0.0311 591.6225  
0.1120 592.8759  
0.1307 594.1294  
0.0933 595.3828  
0.0560 596.6363  
0.1307 597.8897  
0.1680 599.1431  
0.0684 600.3966  
0.0498 601.6500  
0.0498 602.9034  
0.0871 604.1569  
0.0871 605.4103  
0.0187 606.6638  
0.0373 607.9172  
0.1307 609.1706  
0.1742 610.4241  
0.1431 611.6775  
0.0871 612.9309  
0.1244 614.1844  
0.0373 615.4378  
0.0498 616.6913  
0.1244 617.9447  
0.0996 619.1981  
0.0373 620.4516  
0.0249 621.7050  
0.1120 622.9584  
0.0933 624.2119  
0.0498 625.4653  
0.0249 626.7188  
0.1307 627.9722  
0.1618 629.2256  
0.0560 630.4791  
0.0809 631.7325  
0.0436 632.9859  
0.0622 634.2394  
0.1120 635.4928  
0.0560 636.7463  
0.0871 637.9997  
0.1244 639.2531  
0.1431 640.5066  
0.0809 641.7600  
0.0187 643.0134  
0.0498 644.2669  
0.0062 645.5203  
0.0187 646.7738  
0.0996 648.0272  
0.1493 649.2806  
0.0933 650.5341  
0.0498 651.7875  
0.0249 653.0409  
0.0436 654.2944  
0.0498 655.5478  
0.0311 656.8013  
0.0809 658.0547  
0.1742 659.3081  
0.1618 660.5616  
0.0747 661.8150  
0.0622 663.0684  
0.0000 664.3219  
0.0809 665.5753  
0.1431 666.8288  
0.1431 668.0822  
0.0809 669.3356  
0.0498 670.5891  
0.0747 671.8425  
0.0436 673.0959  
0.0187 674.3494  
0.0311 675.6028  
0.0062 676.8563  
0.0498 678.1097  
0.0498 679.3631  
0.1307 680.6166  
0.1369 681.8700  
0.1369 683.1234  
0.0996 684.3769  
0.0684 685.6303  
0.0249 686.8838  
0.0747 688.1372  
0.1307 689.3906  
0.0933 690.6441  
0.0187 691.8975  
0.0124 693.1509  
0.0622 694.4044  
0.0684 695.6578  
0.0187 696.9113  
0.0436 698.1647  
0.0124 699.4181  
0.0311 700.6716  
0.0311 701.9250  
0.0124 703.1784  
0.0747 704.4319  
0.0684 705.6853  
0.0373 706.9388  
0.0560 708.1922  
0.0560 709.4456  
0.0498 710.6991  
0.0622 711.9525  
0.0124 713.2059  
0.0311 714.4594  
0.0871 715.7128  
0.0684 716.9663  
0.0498 718.2197  
0.0622 719.4731  
0.0809 720.7266  
0.0560 721.9800  
0.0560 723.2334  
0.0311 724.4869  
0.0436 725.7403  
0.0622 726.9938  
0.0498 728.2472  
0.0933 729.5006  
0.0249 730.7541  
0.0871 732.0075  
0.1182 733.2609  
0.0809 734.5144  
0.0124 735.7678  
0.0809 737.0213  
0.0684 738.2747  
0.0622 739.5281  
0.0560 740.7816  
0.0311 742.0350  
0.0249 743.2884  
0.0249 744.5419  
0.0187 745.7953  
0.0373 747.0488  
0.0249 748.3022  
0.0373 749.5556  
0.0373 750.8091  
0.0498 752.0625  
0.0871 753.3159  
0.1058 754.5694  
0.0809 755.8228  
0.0249 757.0763  
0.0436 758.3297  
0.0124 759.5831  
0.0622 760.8366  
0.0436 762.0900  
0.0249 763.3434  
0.0187 764.5969  
0.0373 765.8503  
0.0498 767.1038  
0.0684 768.3572  
0.0249 769.6106  
0.0498 770.8641  
0.0933 772.1175  
0.0187 773.3709  
0.0249 774.6244  
0.0062 775.8778  
0.0000 777.1313  
0.0062 778.3847  
0.0498 779.6381  
0.0187 780.8916  
0.0560 782.1450  
0.0622 783.3984  
0.0311 784.6519  
0.0311 785.9053  
0.0249 787.1588  
0.0311 788.4122  
0.0062 789.6656  
0.0622 790.9191  
0.0436 792.1725  
0.0311 793.4259  
0.0684 794.6794  
0.0187 795.9328  
0.0560 797.1863  
0.0436 798.4397  
0.0124 799.6931  
0.0747 800.9466  
0.0373 802.2000  
0.0560 803.4534  
0.1120 804.7069  
0.0996 805.9603  
0.0436 807.2138  
0.0684 808.4672  
0.0871 809.7206  
0.0622 810.9741  
0.0684 812.2275  
0.0684 813.4809  
0.0560 814.7344  
0.0933 815.9878  
0.1058 817.2413  
0.0871 818.4947  
0.0436 819.7481  
0.0747 821.0016  
0.1244 822.2550  
0.0684 823.5085  
0.0311 824.7619  
0.0311 826.0153  
0.0498 827.2688  
0.0436 828.5222  
0.0187 829.7756  
0.0311 831.0291  
0.0560 832.2825  
0.0933 833.5360  
0.0373 834.7894  
0.0560 836.0428  
0.0622 837.2963  
0.0560 838.5497  
0.0809 839.8031  
0.0498 841.0566  
0.0187 842.3100  
0.0373 843.5635  
0.0187 844.8169  
0.0062 846.0703  
0.0311 847.3238  
0.0373 848.5772  
0.0249 849.8306  
0.0498 851.0841  
0.0684 852.3375  
0.0436 853.5910  
0.0124 854.8444  
0.0062 856.0978  
0.0809 857.3513  
0.1058 858.6047  
0.0684 859.8581  
0.0249 861.1116  
0.0373 862.3650  
0.0871 863.6185  
0.0373 864.8719  
0.0249 866.1253  
0.0498 867.3788  
0.0373 868.6322  
0.0311 869.8856  
0.0436 871.1391  
0.0062 872.3925  
0.0249 873.6460  
0.1182 874.8994  
0.1182 876.1528  
0.0560 877.4063  
0.0373 878.6597  
0.0187 879.9131  
0.0311 881.1666  
0.0560 882.4200  
0.0373 883.6735  
0.0373 884.9269  
0.0747 886.1803  
0.0560 887.4338  
0.0311 888.6872  
0.0498 889.9406  
0.0311 891.1941  
0.0311 892.4475  
0.0311 893.7010  
0.0311 894.9544  
0.0436 896.2078  
0.0249 897.4613  
0.0000 898.7147  
0.0373 899.9681  
0.0560 901.2216  
0.0996 902.4750  
0.0933 903.7285  
0.0249 904.9819  
0.0560 906.2353  
0.0809 907.4888  
0.0249 908.7422  
0.0000 909.9956  
0.0684 911.2491  
0.0871 912.5025  
0.0560 913.7560  
0.0436 915.0094  
0.0560 916.2628  
0.0311 917.5163  
0.0062 918.7697  
0.0187 920.0231  
0.0249 921.2766  
0.0684 922.5300  
0.0124 923.7835  
0.0373 925.0369  
0.0249 926.2903  
0.0187 927.5438  
0.0373 928.7972  
0.0747 930.0506  
0.0809 931.3041  
0.0747 932.5575  
0.0373 933.8110  
0.0498 935.0644  
0.0622 936.3178  
0.0311 937.5713  
0.0249 938.8247  
0.0809 940.0781  
0.0809 941.3316  
0.0498 942.5850  
0.0311 943.8385  
0.0249 945.0919  
0.0249 946.3453  
0.0747 947.5988  
0.0311 948.8522  
0.0560 950.1056  
0.0809 951.3591  
0.0498 952.6125  
0.0560 953.8660  
0.0436 955.1194  
0.0311 956.3728  
0.0498 957.6263  
0.0187 958.8797  
0.0622 960.1331  
0.0560 961.3866  
0.0373 962.6400  
0.0062 963.8935  
0.0124 965.1469  
0.0560 966.4003  
0.0747 967.6538  
0.0373 968.9072  
0.0373 970.1606  
0.0187 971.4141  
0.0498 972.6675  
0.0498 973.9210  
0.0249 975.1744  
0.0124 976.4278  
0.0498 977.6813  
0.0933 978.9347  
0.0498 980.1881  
0.0498 981.4416  
0.0373 982.6950  
0.0249 983.9485  
0.0933 985.2019  
0.0684 986.4553  
0.0560 987.7088  
0.0498 988.9622  
0.0498 990.2156  
0.0249 991.4691  
0.0000 992.7225  
0.0187 993.9760  
0.0187 995.2294  
0.0498 996.4828  
0.0747 997.7363  
0.0498 998.9897  
0.0249 1000.2431  
0.0000 1001.4966  
0.0498 1002.7500  
0.0498 1004.0035  
0.0684 1005.2569  
0.0622 1006.5103  
0.0560 1007.7638  
0.0249 1009.0172  
0.0249 1010.2706  
0.0373 1011.5241  
0.0311 1012.7775  
0.0124 1014.0310  
0.0498 1015.2844  
0.0622 1016.5378  
0.0187 1017.7913  
0.0373 1019.0447  
0.0684 1020.2981  
0.0871 1021.5516  
0.0933 1022.8050  
0.0622 1024.0585  
0.0249 1025.3119  
0.0498 1026.5653  
0.0436 1027.8188  
0.0249 1029.0722  
0.0062 1030.3256  
0.0187 1031.5791  
0.0373 1032.8325  
0.0311 1034.0860  
0.0684 1035.3394  
0.0684 1036.5928  
0.0373 1037.8463  
0.0124 1039.0997  
0.0373 1040.3531  
0.0249 1041.6066  
0.0747 1042.8600  
0.0684 1044.1135  
0.0436 1045.3669  
0.0311 1046.6203  
0.0249 1047.8738  
0.0560 1049.1272  
0.0684 1050.3806  
0.0187 1051.6341  
0.0560 1052.8875  
0.0436 1054.1410  
0.0560 1055.3944  
0.0436 1056.6478  
0.0622 1057.9013  
0.0684 1059.1547  
0.0436 1060.4081  
0.0311 1061.6616  
0.0249 1062.9150  
0.0436 1064.1685  
0.0436 1065.4219  
0.0311 1066.6753  
0.0311 1067.9288  
0.0249 1069.1822  
0.0187 1070.4356  
0.0187 1071.6891  
0.0498 1072.9425  
0.0311 1074.1960  
0.0373 1075.4494  
0.0498 1076.7028  
0.0560 1077.9563  
0.0560 1079.2097  
0.0373 1080.4631  
0.0000 1081.7166  
0.0436 1082.9700  
0.0933 1084.2235  
0.0436 1085.4769  
0.0124 1086.7303  
0.0311 1087.9838  
0.0000 1089.2372  
0.0373 1090.4906  
0.0311 1091.7441  
0.0062 1092.9975  
0.0249 1094.2510  
0.0249 1095.5044  
0.0124 1096.7578  
0.0062 1098.0113  
0.0062 1099.2647  
0.0124 1100.5181  
0.0187 1101.7716  
0.0249 1103.0250  
0.0684 1104.2785  
0.0436 1105.5319  
0.0498 1106.7853  
0.0498 1108.0388  
0.0062 1109.2922  
0.0373 1110.5456  
0.0373 1111.7991  
0.0124 1113.0525  
0.0933 1114.3060  
0.0933 1115.5594  
0.0249 1116.8128  
0.0498 1118.0663  
0.0809 1119.3197  
0.0933 1120.5731  
0.1058 1121.8266  
0.0498 1123.0800  
0.0124 1124.3335  
0.0062 1125.5869  
0.0124 1126.8403  
0.0373 1128.0938  
0.0373 1129.3472  
0.0124 1130.6006  
0.0000 1131.8541  
0.0000 1133.1075  
0.0000 1134.3610  
0.0311 1135.6144  
0.0373 1136.8678  
0.0498 1138.1213  
0.0622 1139.3747  
0.0498 1140.6281  
0.0124 1141.8816  
0.0560 1143.1350  
0.0622 1144.3885  
0.0249 1145.6419  
0.0124 1146.8953  
0.0000 1148.1488  
0.0124 1149.4022  
0.0062 1150.6556  
0.0187 1151.9091  
0.0311 1153.1625  
0.0062 1154.4160  
0.0187 1155.6694  
0.0062 1156.9228  
0.0124 1158.1763  
0.0311 1159.4297  
0.0498 1160.6831  
0.0436 1161.9366  
0.0560 1163.1900  
0.0498 1164.4435  
0.0062 1165.6969  
0.0124 1166.9503  
0.0062 1168.2038  
0.0249 1169.4572  
0.0311 1170.7106  
0.0000 1171.9641  
0.0498 1173.2175  
0.0560 1174.4710  
0.0373 1175.7244  
0.0373 1176.9778  
0.0684 1178.2313  
0.0373 1179.4847  
0.0436 1180.7381  
0.0311 1181.9916  
0.0373 1183.2450  
0.0436 1184.4985  
0.0373 1185.7519  
0.0809 1187.0053  
0.0622 1188.2588  
0.0249 1189.5122  
0.0311 1190.7656  
0.0187 1192.0191  
0.0062 1193.2725  
0.0311 1194.5260  
0.0498 1195.7794  
0.0436 1197.0328  
0.0187 1198.2863  
0.0062 1199.5397  
0.0311 1200.7931  
0.0373 1202.0466  
0.0560 1203.3000  
0.0933 1204.5535  
0.0560 1205.8069  
0.0000 1207.0603  
0.0249 1208.3138  
0.0124 1209.5672  
0.0124 1210.8206  
0.0498 1212.0741  
0.0436 1213.3275  
0.0622 1214.5810  
0.0373 1215.8344  
0.0187 1217.0878  
0.0062 1218.3413  
0.0311 1219.5947  
0.0311 1220.8481  
0.0124 1222.1016  
0.0249 1223.3550  
0.0436 1224.6085  
0.0809 1225.8619  
0.0996 1227.1153  
0.0498 1228.3688  
0.0124 1229.6222  
0.0373 1230.8756  
0.0124 1232.1291  
0.0187 1233.3825  
0.0311 1234.6360  
0.0187 1235.8894  
0.0124 1237.1428  
0.0187 1238.3963  
0.0311 1239.6497  
0.0062 1240.9031  
0.0062 1242.1566  
0.0062 1243.4100  
0.0249 1244.6635  
0.0311 1245.9169  
0.0747 1247.1703  
0.0933 1248.4238  
0.0249 1249.6772  
0.0498 1250.9306  
0.0124 1252.1841  
0.0124 1253.4375  
0.0311 1254.6910  
0.0311 1255.9444  
0.0124 1257.1978  
0.0373 1258.4513  
0.0187 1259.7047  
0.0062 1260.9581  
0.0000 1262.2116  
0.0124 1263.4650  
0.0622 1264.7185  
0.0809 1265.9719  
0.0622 1267.2253  
0.0187 1268.4788  
0.0249 1269.7322  
0.0436 1270.9856  
0.0311 1272.2391  
0.0124 1273.4925  
0.0062 1274.7460  
0.0249 1275.9994  
0.0187 1277.2528  
0.0062 1278.5063  
0.0124 1279.7597  
0.0498 1281.0131  
0.0498 1282.2666  
0.0311 1283.5200  
0.0062 1284.7735  
0.0373 1286.0269  
0.0373 1287.2803  
0.0124 1288.5338  
0.0498 1289.7872  
0.0062 1291.0406  
0.0249 1292.2941  
0.0311 1293.5475  
0.0187 1294.8010  
0.0436 1296.0544  
0.0373 1297.3078  
0.0249 1298.5613  
0.0187 1299.8147  
0.0498 1301.0681  
0.0249 1302.3216  
0.0062 1303.5750  
0.0311 1304.8285  
0.0124 1306.0819  
0.0249 1307.3353  
0.0373 1308.5888  
0.0311 1309.8422  
0.0436 1311.0956  
0.0373 1312.3491  
0.0062 1313.6025  
0.0498 1314.8560  
0.0187 1316.1094  
0.0187 1317.3628  
0.0187 1318.6163  
0.0560 1319.8697  
0.0311 1321.1231  
0.0124 1322.3766  
0.0000 1323.6300  
0.0249 1324.8835  
0.0684 1326.1369  
0.0560 1327.3903  
0.0311 1328.6438  
0.0062 1329.8972  
0.0000 1331.1506  
0.0249 1332.4041  
0.0187 1333.6575  
0.0124 1334.9110  
0.0124 1336.1644  
0.0000 1337.4178  
0.0311 1338.6713  
0.0436 1339.9247  
0.0311 1341.1781  
0.0124 1342.4316  
0.0560 1343.6850  
0.0871 1344.9385  
0.0809 1346.1919  
0.0498 1347.4453  
0.0311 1348.6988  
0.0249 1349.9522  
0.0436 1351.2056  
0.0498 1352.4591  
0.0373 1353.7125  
0.0373 1354.9660  
0.0311 1356.2194  
0.0436 1357.4728  
0.0187 1358.7263  
0.0560 1359.9797  
0.0311 1361.2331  
0.0311 1362.4866  
0.0373 1363.7400  
0.0124 1364.9935  
0.0000 1366.2469  
0.0124 1367.5003  
0.0124 1368.7538  
0.0062 1370.0072  
0.0187 1371.2606  
0.0249 1372.5141  
0.0187 1373.7675  
0.0187 1375.0210  
0.0311 1376.2744  
0.0311 1377.5278  
0.0498 1378.7813  
0.0187 1380.0347  
0.0436 1381.2881  
0.0560 1382.5416  
0.0062 1383.7950  
0.0187 1385.0485  
0.0498 1386.3019  
0.0311 1387.5553  
0.0187 1388.8088  
0.0311 1390.0622  
0.0062 1391.3156  
0.0311 1392.5691  
0.0062 1393.8225  
0.0124 1395.0760  
0.0187 1396.3294  
0.0311 1397.5828  
0.0373 1398.8363  
0.0187 1400.0897  
0.0436 1401.3431  
0.0187 1402.5966  
0.0187 1403.8500  
0.0311 1405.1035  
0.0062 1406.3569  
0.0187 1407.6103  
0.0311 1408.8638  
0.0249 1410.1172  
0.0000 1411.3706  
0.0000 1412.6241  
0.0436 1413.8775  
0.0684 1415.1310  
0.0187 1416.3844  
0.0124 1417.6378  
0.0249 1418.8913  
0.0187 1420.1447  
0.0062 1421.3981  
0.0000 1422.6516  
0.0124 1423.9050  
0.0124 1425.1585  
0.0249 1426.4119  
0.0373 1427.6653  
0.0311 1428.9188  
0.0124 1430.1722  
0.0436 1431.4256  
0.0249 1432.6791  
0.0062 1433.9325  
0.0249 1435.1860  
0.0373 1436.4394  
0.0124 1437.6928  
0.0000 1438.9463  
0.0062 1440.1997  
0.0311 1441.4531  
0.0498 1442.7066  
0.0311 1443.9600  
0.0124 1445.2135  
0.0436 1446.4669  
0.0498 1447.7203  
0.0124 1448.9738  
0.0187 1450.2272  
0.0187 1451.4806  
0.0311 1452.7341  
0.0249 1453.9875  
0.0187 1455.2410  
0.0311 1456.4944  
0.0187 1457.7478  
0.0124 1459.0013  
0.0062 1460.2547  
0.0249 1461.5081  
0.0373 1462.7616  
0.0187 1464.0150  
0.0124 1465.2685  
0.0124 1466.5219  
0.0062 1467.7753  
0.0187 1469.0288  
0.0187 1470.2822  
0.0062 1471.5356  
0.0124 1472.7891  
0.0311 1474.0425  
0.0187 1475.2960  
0.0124 1476.5494  
0.0000 1477.8028  
0.0062 1479.0563  
0.0249 1480.3097  
0.0249 1481.5631  
0.0249 1482.8166  
0.0249 1484.0700  
0.0187 1485.3235  
0.0124 1486.5769  
0.0187 1487.8303  
0.0373 1489.0838  
0.0560 1490.3372  
0.0498 1491.5906  
0.0187 1492.8441  
0.0124 1494.0975  
0.0249 1495.3510  
0.0373 1496.6044  
0.0124 1497.8578  
0.0187 1499.1113  
0.0373 1500.3647  
0.0187 1501.6181  
0.0249 1502.8716  
0.0498 1504.1250  
0.0249 1505.3785  
0.0124 1506.6319  
0.0311 1507.8853  
0.0436 1509.1388  
0.0311 1510.3922  
0.0311 1511.6456  
0.0373 1512.8991  
0.0311 1514.1525  
0.0311 1515.4060  
0.0373 1516.6594  
0.0124 1517.9128  
0.0000 1519.1663  
0.0249 1520.4197  
0.0373 1521.6731  
0.0062 1522.9266  
0.0249 1524.1800  
0.0062 1525.4335  
0.0124 1526.6869  
0.0311 1527.9403  
0.0684 1529.1938  
0.0622 1530.4472  
0.0436 1531.7006  
0.0311 1532.9541  
0.0311 1534.2075  
0.0062 1535.4610  
0.0436 1536.7144  
0.0311 1537.9678  
0.0187 1539.2213  
0.0124 1540.4747  
0.0498 1541.7281  
0.0436 1542.9816  
0.0249 1544.2350  
0.0187 1545.4885  
0.0124 1546.7419  
0.0311 1547.9953  
0.0187 1549.2488  
0.0498 1550.5022  
0.0560 1551.7556  
0.0622 1553.0091  
0.0498 1554.2625  
0.0187 1555.5160  
0.0124 1556.7694  
0.0062 1558.0228  
0.0249 1559.2763  
0.0436 1560.5297  
0.0187 1561.7831  
0.0062 1563.0366  
0.0187 1564.2900  
0.0000 1565.5435  
0.0124 1566.7969  
0.0062 1568.0503  
0.0062 1569.3038  
0.0373 1570.5572  
0.0187 1571.8106  
0.0249 1573.0641  
0.0436 1574.3175  
0.0311 1575.5710  
0.0249 1576.8244  
0.0187 1578.0778  
0.0124 1579.3313  
0.0062 1580.5847  
0.0311 1581.8381  
0.0311 1583.0916  
0.0187 1584.3450  
0.0373 1585.5985  
0.0498 1586.8519  
0.0311 1588.1053  
0.0062 1589.3588  
0.0249 1590.6122  
0.0062 1591.8656  
0.0187 1593.1191  
0.0187 1594.3725  
0.0062 1595.6260  
0.0187 1596.8794  
0.0249 1598.1328  
0.0373 1599.3863  
0.0124 1600.6397  
0.0124 1601.8931  
0.0249 1603.1466  
0.0187 1604.4000  
0.0187 1605.6535  
0.0498 1606.9069  
0.0187 1608.1603  
0.0373 1609.4138  
0.0187 1610.6672  
0.0373 1611.9206  
0.0498 1613.1741  
0.0436 1614.4275  
0.0436 1615.6810  
0.0124 1616.9344  
0.0124 1618.1878  
0.0124 1619.4413  
0.0124 1620.6947  
0.0062 1621.9481  
0.0062 1623.2016  
0.0311 1624.4550  
0.0373 1625.7085  
0.0311 1626.9619  
0.0124 1628.2153  
0.0062 1629.4688  
0.0187 1630.7222  
0.0187 1631.9756  
0.0124 1633.2291  
0.0249 1634.4825  
0.0062 1635.7360  
0.0062 1636.9894  
0.0124 1638.2428  
0.0124 1639.4963  
0.0062 1640.7497  
0.0249 1642.0031  
0.0187 1643.2566  
0.0498 1644.5100  
0.0684 1645.7635  
0.0498 1647.0169  
0.0373 1648.2703  
0.0373 1649.5238  
0.0311 1650.7772  
0.0373 1652.0307  
0.0311 1653.2841  
0.0062 1654.5375  
0.0124 1655.7910  
0.0062 1657.0444  
0.0311 1658.2978  
0.0249 1659.5513  
0.0311 1660.8047  
0.0311 1662.0582  
0.0062 1663.3116  
0.0187 1664.5650  
0.0373 1665.8185  
0.0311 1667.0719  
0.0124 1668.3253  
0.0187 1669.5788  
0.0249 1670.8322  
0.0187 1672.0857  
0.0124 1673.3391  
0.0187 1674.5925  
0.0311 1675.8460  
0.0436 1677.0994  
0.0062 1678.3528  
0.0187 1679.6063  
0.0311 1680.8597  
0.0062 1682.1132  
0.0124 1683.3666  
0.0249 1684.6200  
0.0187 1685.8735  
0.0000 1687.1269  
0.0062 1688.3803  
0.0124 1689.6338  
0.0062 1690.8872  
0.0124 1692.1407  
0.0187 1693.3941  
0.0311 1694.6475  
0.0187 1695.9010  
0.0062 1697.1544  
0.0187 1698.4078  
0.0062 1699.6613  
0.0187 1700.9147  
0.0062 1702.1682  
0.0436 1703.4216  
0.0684 1704.6750  
0.0373 1705.9285  
0.0311 1707.1819  
0.0187 1708.4353  
0.0124 1709.6888  
0.0062 1710.9422  
0.0311 1712.1957  
0.0311 1713.4491  
0.0311 1714.7025  
0.0311 1715.9560  
0.0062 1717.2094  
0.0249 1718.4628  
0.0498 1719.7163  
0.0684 1720.9697  
0.0187 1722.2232  
0.0124 1723.4766  
0.0062 1724.7300  
0.0249 1725.9835  
0.0373 1727.2369  
0.0498 1728.4903  
0.0311 1729.7438  
0.0062 1730.9972  
0.0124 1732.2507  
0.0062 1733.5041  
0.0000 1734.7575  
0.0000 1736.0110  
0.0124 1737.2644  
0.0249 1738.5178  
0.0124 1739.7713  
0.0436 1741.0247  
0.0249 1742.2782  
0.0311 1743.5316  
0.0124 1744.7850  
0.0311 1746.0385  
0.0062 1747.2919  
0.0249 1748.5453  
0.0124 1749.7988  
0.0249 1751.0522  
0.0373 1752.3057  
0.0373 1753.5591  
0.0124 1754.8125  
0.0062 1756.0660  
0.0000 1757.3194  
0.0062 1758.5728  
0.0062 1759.8263  
0.0124 1761.0797  
0.0311 1762.3332  
0.0311 1763.5866  
0.0062 1764.8400  
0.0249 1766.0935  
0.0124 1767.3469  
0.0311 1768.6003  
0.0373 1769.8538  
0.0373 1771.1072  
0.0498 1772.3607  
0.0373 1773.6141  
0.0124 1774.8675  
0.0000 1776.1210  
0.0062 1777.3744  
0.0311 1778.6278  
0.0311 1779.8813  
0.0498 1781.1347  
0.0436 1782.3882  
0.0000 1783.6416  
0.0124 1784.8950  
0.0311 1786.1485  
0.0187 1787.4019  
0.0000 1788.6553  
0.0249 1789.9088  
0.0187 1791.1622  
0.0124 1792.4157  
0.0249 1793.6691  
0.0187 1794.9225  
0.0311 1796.1760  
0.0373 1797.4294  
0.0124 1798.6828  
0.0062 1799.9363  
0.0249 1801.1897  
0.0436 1802.4432  
0.0373 1803.6966  
0.0187 1804.9500  
0.0124 1806.2035  
0.0062 1807.4569  
0.0187 1808.7103  
0.0498 1809.9638  
0.0373 1811.2172  
0.0124 1812.4707  
0.0062 1813.7241  
0.0249 1814.9775  
0.0373 1816.2310  
0.0622 1817.4844  
0.0498 1818.7378  
0.0062 1819.9913  
0.0062 1821.2447  
0.0249 1822.4982  
0.0311 1823.7516  
0.0249 1825.0050  
0.0124 1826.2585  
0.0187 1827.5119  
0.0311 1828.7653  
0.0373 1830.0188  
0.0124 1831.2722  
0.0249 1832.5257  
0.0124 1833.7791  
0.0124 1835.0325  
0.0187 1836.2860  
0.0311 1837.5394  
0.0249 1838.7928  
0.0124 1840.0463  
0.0249 1841.2997  
0.0000 1842.5532  
0.0000 1843.8066  
0.0062 1845.0600  
0.0124 1846.3135  
0.0311 1847.5669  
0.0249 1848.8203  
0.0373 1850.0738  
0.0436 1851.3272  
0.0124 1852.5807  
0.0062 1853.8341  
0.0249 1855.0875  
0.0187 1856.3410  
0.0062 1857.5944  
0.0187 1858.8478  
0.0249 1860.1013  
0.0311 1861.3547  
0.0187 1862.6082  
0.0249 1863.8616  
0.0187 1865.1150  
0.0311 1866.3685  
0.0187 1867.6219  
0.0062 1868.8753  
0.0124 1870.1288  
0.0187 1871.3822  
0.0062 1872.6357  
0.0000 1873.8891  
0.0124 1875.1425  
0.0249 1876.3960  
0.0373 1877.6494  
0.0560 1878.9028  
0.0684 1880.1563  
0.0373 1881.4097  
0.0000 1882.6632  
0.0249 1883.9166  
0.0311 1885.1700  
0.0000 1886.4235  
0.0062 1887.6769  
0.0249 1888.9303  
0.0498 1890.1838  
0.0124 1891.4372  
0.0311 1892.6907  
0.0436 1893.9441  
0.0373 1895.1975  
0.0311 1896.4510  
0.0124 1897.7044  
0.0311 1898.9578  
0.0311 1900.2113  
0.0124 1901.4647  
0.0062 1902.7182  
0.0249 1903.9716  
0.0498 1905.2250  
0.0436 1906.4785  
0.0062 1907.7319  
0.0124 1908.9853  
0.0249 1910.2388  
0.0062 1911.4922  
0.0062 1912.7457  
0.0187 1913.9991  
0.0062 1915.2525  
0.0124 1916.5060  
0.0000 1917.7594  
0.0187 1919.0128  
0.0249 1920.2663  
0.0187 1921.5197  
0.0249 1922.7732  
0.0187 1924.0266  
0.0062 1925.2800  
0.0062 1926.5335  
0.0062 1927.7869  
0.0062 1929.0403  
0.0187 1930.2938  
0.0187 1931.5472  
0.0187 1932.8007  
0.0187 1934.0541  
0.0124 1935.3075  
0.0124 1936.5610  
0.0187 1937.8144  
0.0249 1939.0678  
0.0187 1940.3213  
0.0187 1941.5747  
0.0000 1942.8282  
0.0311 1944.0816  
0.0124 1945.3350  
0.0062 1946.5885  
0.0062 1947.8419  
0.0000 1949.0953  
0.0124 1950.3488  
0.0187 1951.6022  
0.0124 1952.8557  
0.0062 1954.1091  
0.0062 1955.3625  
0.0187 1956.6160  
0.0311 1957.8694  
0.0124 1959.1228  
0.0062 1960.3763  
0.0249 1961.6297  
0.0124 1962.8832  
0.0062 1964.1366  
0.0062 1965.3900  
0.0062 1966.6435  
0.0062 1967.8969  
0.0373 1969.1503  
0.0249 1970.4038  
0.0062 1971.6572  
0.0373 1972.9107  
0.0373 1974.1641  
0.0124 1975.4175  
0.0062 1976.6710  
0.0124 1977.9244  
0.0124 1979.1778  
0.0311 1980.4313  
0.0373 1981.6847  
0.0311 1982.9382  
0.0311 1984.1916  
0.0187 1985.4450  
0.0622 1986.6985  
0.0187 1987.9519  
0.0124 1989.2053  
0.0311 1990.4588  
0.0249 1991.7122  
0.0249 1992.9657  
0.0124 1994.2191  
0.0124 1995.4725  
0.0062 1996.7260  
0.0124 1997.9794  
0.0187 1999.2328  
0.0249 2000.4863  
0.0187 2001.7397  
0.0124 2002.9932  
0.0124 2004.2466  
0.0062 2005.5000  
0.0187 2006.7535  
0.0062 2008.0069  
0.0311 2009.2603  
0.0498 2010.5138  
0.0311 2011.7672  
0.0187 2013.0207  
0.0249 2014.2741  
0.0187 2015.5275  
0.0062 2016.7810  
0.0062 2018.0344  
0.0124 2019.2878  
0.0187 2020.5413  
0.0124 2021.7947  
0.0249 2023.0482  
0.0373 2024.3016  
0.0311 2025.5550  
0.0062 2026.8085  
0.0311 2028.0619  
0.0373 2029.3153  
0.0311 2030.5688  
0.0000 2031.8222  
0.0249 2033.0757  
0.0249 2034.3291  
0.0249 2035.5825  
0.0249 2036.8360  
0.0311 2038.0894  
0.0187 2039.3428  
0.0187 2040.5963  
0.0187 2041.8497  
0.0373 2043.1032  
0.0311 2044.3566  
0.0062 2045.6100  
0.0062 2046.8635  
0.0062 2048.1169  
0.0062 2049.3703  
0.0124 2050.6238  
0.0000 2051.8772  
0.0062 2053.1307  
0.0249 2054.3841  
0.0498 2055.6375  
0.0311 2056.8910  
0.0124 2058.1444  
0.0062 2059.3978  
0.0187 2060.6513  
0.0124 2061.9047  
0.0124 2063.1582  
0.0249 2064.4116  
0.0062 2065.6650  
0.0124 2066.9185  
0.0000 2068.1719  
0.0062 2069.4253  
0.0187 2070.6788  
0.0249 2071.9322  
0.0124 2073.1857  
0.0436 2074.4391  
0.0311 2075.6925  
0.0000 2076.9460  
0.0187 2078.1994  
0.0373 2079.4528  
0.0311 2080.7063  
0.0311 2081.9597  
0.0436 2083.2132  
0.0311 2084.4666  
0.0311 2085.7200  
0.0311 2086.9735  
0.0187 2088.2269  
0.0311 2089.4803  
0.0311 2090.7338  
0.0187 2091.9872  
0.0062 2093.2407  
0.0373 2094.4941  
0.0436 2095.7475  
0.0436 2097.0010  
0.0373 2098.2544  
0.0124 2099.5078  
0.0062 2100.7613  
0.0062 2102.0147  
0.0062 2103.2682  
0.0062 2104.5216  
0.0062 2105.7750  
0.0124 2107.0285  
0.0062 2108.2819  
0.0062 2109.5353  
0.0124 2110.7888  
0.0124 2112.0422  
0.0062 2113.2957  
0.0062 2114.5491  
0.0187 2115.8025  
0.0187 2117.0560  
0.0311 2118.3094  
0.0187 2119.5628  
0.0187 2120.8163  
0.0373 2122.0697  
0.0249 2123.3232  
0.0311 2124.5766  
0.0311 2125.8300  
0.0311 2127.0835  
0.0498 2128.3369  
0.0498 2129.5903  
0.0187 2130.8438  
0.0062 2132.0972  
0.0124 2133.3507  
0.0187 2134.6041  
0.0249 2135.8575  
0.0373 2137.1110  
0.0062 2138.3644  
0.0000 2139.6178  
0.0187 2140.8713  
0.0124 2142.1247  
0.0311 2143.3782  
0.0124 2144.6316  
0.0062 2145.8850  
0.0311 2147.1385  
0.0249 2148.3919  
0.0187 2149.6453  
0.0373 2150.8988  
0.0498 2152.1522  
0.0436 2153.4057  
0.0311 2154.6591  
0.0124 2155.9125  
0.0311 2157.1660  
0.0124 2158.4194  
0.0187 2159.6728  
0.0124 2160.9263  
0.0124 2162.1797  
0.0124 2163.4332  
0.0249 2164.6866  
0.0124 2165.9400  
0.0062 2167.1935  
0.0124 2168.4469  
0.0124 2169.7003  
0.0249 2170.9538  
0.0311 2172.2072  
0.0187 2173.4607  
0.0124 2174.7141  
0.0249 2175.9675  
0.0249 2177.2210  
0.0311 2178.4744  
0.0249 2179.7278  
0.0249 2180.9813  
0.0311 2182.2347  
0.0124 2183.4882  
0.0062 2184.7416  
0.0124 2185.9950  
0.0311 2187.2485  
0.0311 2188.5019  
0.0062 2189.7553  
0.0124 2191.0088  
0.0311 2192.2622  
0.0062 2193.5157  
0.0249 2194.7691  
0.0187 2196.0225  
0.0062 2197.2760  
0.0124 2198.5294  
0.0187 2199.7828  
0.0062 2201.0363  
0.0124 2202.2897  
0.0062 2203.5432  
0.0000 2204.7966  
0.0062 2206.0500  
0.0062 2207.3035  
0.0311 2208.5569  
0.0560 2209.8103  
0.0187 2211.0638  
0.0124 2212.3172  
0.0124 2213.5707  
0.0062 2214.8241  
0.0062 2216.0775  
0.0124 2217.3310  
0.0124 2218.5844  
0.0000 2219.8378  
0.0062 2221.0913  
0.0124 2222.3447  
0.0311 2223.5982  
0.0311 2224.8516  
0.0124 2226.1050  
0.0187 2227.3585  
0.0311 2228.6119  
0.0249 2229.8653  
0.0062 2231.1188  
0.0000 2232.3722  
0.0062 2233.6257  
0.0311 2234.8791  
0.0436 2236.1325  
0.0436 2237.3860  
0.0187 2238.6394  
0.0000 2239.8928  
0.0062 2241.1463  
0.0124 2242.3997  
0.0249 2243.6532  
0.0249 2244.9066  
0.0187 2246.1600  
0.0187 2247.4135  
0.0373 2248.6669  
0.0436 2249.9203  
0.0498 2251.1738  
0.0187 2252.4272  
0.0062 2253.6807  
0.0062 2254.9341  
0.0000 2256.1875  
0.0187 2257.4410  
0.0249 2258.6944  
0.0062 2259.9478  
0.0062 2261.2013  
0.0124 2262.4547  
0.0187 2263.7082  
0.0062 2264.9616  
0.0062 2266.2150  
0.0187 2267.4685  
0.0124 2268.7219  
0.0000 2269.9753  
0.0062 2271.2288  
0.0249 2272.4822  
0.0187 2273.7357  
0.0062 2274.9891  
0.0124 2276.2425  
0.0311 2277.4960  
0.0311 2278.7494  
0.0124 2280.0028  
0.0124 2281.2563  
0.0187 2282.5097  
0.0187 2283.7632  
0.0124 2285.0166  
0.0187 2286.2700  
0.0249 2287.5235  
0.0124 2288.7769  
0.0062 2290.0303  
0.0062 2291.2838  
0.0000 2292.5372  
0.0124 2293.7907  
0.0311 2295.0441  
0.0373 2296.2975  
0.0187 2297.5510  
0.0062 2298.8044  
0.0124 2300.0578  
0.0249 2301.3113  
0.0249 2302.5647  
0.0187 2303.8182  
0.0124 2305.0716  
0.0124 2306.3250  
0.0249 2307.5785  
0.0187 2308.8319  
0.0249 2310.0853  
0.0000 2311.3388  
0.0187 2312.5922  
0.0311 2313.8457  
0.0311 2315.0991  
0.0373 2316.3525  
0.0311 2317.6060  
0.0124 2318.8594  
0.0062 2320.1128  
0.0124 2321.3663  
0.0062 2322.6197  
0.0124 2323.8732  
0.0062 2325.1266  
0.0187 2326.3800  
0.0187 2327.6335  
0.0187 2328.8869  
0.0311 2330.1403  
0.0124 2331.3938  
0.0124 2332.6472  
0.0249 2333.9007  
0.0062 2335.1541  
0.0124 2336.4075  
0.0187 2337.6610  
0.0124 2338.9144  
0.0124 2340.1678  
0.0062 2341.4213  
0.0249 2342.6747  
0.0249 2343.9282  
0.0249 2345.1816  
0.0373 2346.4350  
0.0436 2347.6885  
0.0311 2348.9419  
0.0000 2350.1953  
0.0187 2351.4488  
0.0187 2352.7022  
0.0187 2353.9557  
0.0062 2355.2091  
0.0062 2356.4625  
0.0187 2357.7160  
0.0249 2358.9694  
0.0249 2360.2228  
0.0249 2361.4763  
0.0249 2362.7297  
0.0062 2363.9832  
0.0249 2365.2366  
0.0249 2366.4900  
0.0124 2367.7435  
0.0124 2368.9969  
0.0124 2370.2503  
0.0062 2371.5038  
0.0187 2372.7572  
0.0124 2374.0107  
0.0249 2375.2641  
0.0187 2376.5175  
0.0249 2377.7710  
0.0187 2379.0244  
0.0062 2380.2778  
0.0124 2381.5313  
0.0062 2382.7847  
0.0187 2384.0382  
0.0062 2385.2916  
0.0124 2386.5450  
0.0124 2387.7985  
0.0124 2389.0519  
0.0124 2390.3053  
0.0124 2391.5588  
0.0311 2392.8122  
0.0249 2394.0657  
0.0000 2395.3191  
0.0124 2396.5725  
0.0311 2397.8260  
0.0249 2399.0794  
0.0249 2400.3328  
0.0249 2401.5863  
0.0436 2402.8397  
0.0124 2404.0932  
0.0124 2405.3466  
0.0124 2406.6000  
0.0062 2407.8535  
0.0062 2409.1069  
0.0062 2410.3603  
0.0124 2411.6138  
0.0124 2412.8672  
0.0187 2414.1207  
0.0187 2415.3741  
0.0311 2416.6275  
0.0436 2417.8810  
0.0436 2419.1344  
0.0124 2420.3878  
0.0062 2421.6413  
0.0124 2422.8947  
0.0187 2424.1482  
0.0311 2425.4016  
0.0249 2426.6550  
0.0187 2427.9085  
0.0498 2429.1619  
0.0498 2430.4153  
0.0498 2431.6688  
0.0373 2432.9222  
0.0249 2434.1757  
0.0124 2435.4291  
0.0000 2436.6825  
0.0124 2437.9360  
0.0124 2439.1894  
0.0000 2440.4428  
0.0124 2441.6963  
0.0249 2442.9497  
0.0249 2444.2032  
0.0124 2445.4566  
0.0062 2446.7100  
0.0000 2447.9635  
0.0000 2449.2169  
0.0062 2450.4703  
0.0124 2451.7238  
0.0062 2452.9772  
0.0187 2454.2307  
0.0249 2455.4841  
0.0062 2456.7375  
0.0249 2457.9910  
0.0436 2459.2444  
0.0187 2460.4978  
0.0062 2461.7513  
0.0249 2463.0047  
0.0124 2464.2582  
0.0062 2465.5116  
0.0124 2466.7650  
0.0187 2468.0185  
0.0187 2469.2719  
0.0124 2470.5254  
0.0187 2471.7788  
0.0062 2473.0322  
0.0062 2474.2857  
0.0000 2475.5391  
0.0000 2476.7925  
0.0062 2478.0460  
0.0124 2479.2994  
0.0000 2480.5529  
0.0311 2481.8063  
0.0124 2483.0597  
0.0311 2484.3132  
0.0373 2485.5666  
0.0124 2486.8200  
0.0062 2488.0735  
0.0249 2489.3269  
0.0187 2490.5804  
0.0062 2491.8338  
0.0249 2493.0872  
0.0249 2494.3407  
0.0062 2495.5941  
0.0062 2496.8475  
0.0249 2498.1010  
0.0373 2499.3544  
0.0187 2500.6079  
0.0187 2501.8613  
0.0000 2503.1147  
0.0124 2504.3682  
0.0000 2505.6216  
0.0062 2506.8750  
0.0124 2508.1285  
0.0000 2509.3819  
0.0124 2510.6354  
0.0124 2511.8888  
0.0124 2513.1422  
0.0187 2514.3957  
0.0187 2515.6491  
0.0373 2516.9025  
0.0311 2518.1560  
0.0124 2519.4094  
0.0000 2520.6629  
0.0249 2521.9163  
0.0124 2523.1697  
0.0000 2524.4232  
0.0062 2525.6766  
0.0124 2526.9300  
0.0311 2528.1835  
0.0187 2529.4369  
0.0062 2530.6904  
0.0062 2531.9438  
0.0249 2533.1972  
0.0311 2534.4507  
0.0062 2535.7041  
0.0124 2536.9575  
0.0311 2538.2110  
0.0062 2539.4644  
0.0062 2540.7179  
0.0000 2541.9713  
0.0124 2543.2247  
0.0124 2544.4782  
0.0187 2545.7316  
0.0124 2546.9850  
0.0124 2548.2385  
0.0124 2549.4919  
0.0062 2550.7454  
0.0187 2551.9988  
0.0124 2553.2522  
0.0249 2554.5057  
0.0373 2555.7591  
0.0311 2557.0125  
0.0187 2558.2660  
0.0062 2559.5194  
0.0000 2560.7729  
0.0124 2562.0263  
0.0124 2563.2797  
0.0062 2564.5332  
0.0062 2565.7866  
0.0062 2567.0400  
0.0062 2568.2935  
0.0124 2569.5469  
0.0124 2570.8004  
0.0187 2572.0538  
0.0124 2573.3072  
0.0124 2574.5607  
0.0000 2575.8141  
0.0062 2577.0675  
0.0062 2578.3210  
0.0124 2579.5744  
0.0124 2580.8279  
0.0187 2582.0813  
0.0062 2583.3347  
0.0062 2584.5882  
0.0187 2585.8416  
0.0124 2587.0950  
0.0000 2588.3485  
0.0124 2589.6019  
0.0187 2590.8554  
0.0062 2592.1088  
0.0249 2593.3622  
0.0373 2594.6157  
0.0249 2595.8691  
0.0124 2597.1225  
0.0000 2598.3760  
0.0124 2599.6294  
0.0124 2600.8829  
0.0062 2602.1363  
0.0124 2603.3897  
0.0436 2604.6432  
0.0373 2605.8966  
0.0249 2607.1500  
0.0062 2608.4035  
0.0187 2609.6569  
0.0311 2610.9104  
0.0311 2612.1638  
0.0249 2613.4172  
0.0124 2614.6707  
0.0062 2615.9241  
0.0062 2617.1775  
0.0187 2618.4310  
0.0187 2619.6844  
0.0187 2620.9379  
0.0187 2622.1913  
0.0124 2623.4447  
0.0000 2624.6982  
0.0062 2625.9516  
0.0062 2627.2050  
0.0187 2628.4585  
0.0373 2629.7119  
0.0436 2630.9654  
0.0311 2632.2188  
0.0124 2633.4722  
0.0062 2634.7257  
0.0124 2635.9791  
0.0187 2637.2325  
0.0062 2638.4860  
0.0062 2639.7394  
0.0062 2640.9929  
0.0124 2642.2463  
0.0249 2643.4997  
0.0249 2644.7532  
0.0062 2646.0066  
0.0187 2647.2600  
0.0124 2648.5135  
0.0000 2649.7669  
0.0124 2651.0204  
0.0436 2652.2738  
0.0249 2653.5272  
0.0124 2654.7807  
0.0187 2656.0341  
0.0249 2657.2875  
0.0187 2658.5410  
0.0062 2659.7944  
0.0249 2661.0479  
0.0249 2662.3013  
0.0249 2663.5547  
0.0000 2664.8082  
0.0124 2666.0616  
0.0062 2667.3150  
0.0062 2668.5685  
0.0124 2669.8219  
0.0124 2671.0754  
0.0062 2672.3288  
0.0062 2673.5822  
0.0249 2674.8357  
0.0249 2676.0891  
0.0124 2677.3425  
0.0124 2678.5960  
0.0124 2679.8494  
0.0000 2681.1029  
0.0187 2682.3563  
0.0124 2683.6097  
0.0062 2684.8632  
0.0311 2686.1166  
0.0187 2687.3700  
0.0124 2688.6235  
0.0249 2689.8769  
0.0062 2691.1304  
0.0187 2692.3838  
0.0249 2693.6372  
0.0124 2694.8907  
0.0062 2696.1441  
0.0000 2697.3975  
0.0249 2698.6510  
0.0311 2699.9044  
0.0124 2701.1579  
0.0124 2702.4113  
0.0187 2703.6647  
0.0062 2704.9182  
0.0124 2706.1716  
0.0000 2707.4250  
0.0187 2708.6785  
0.0249 2709.9319  
0.0373 2711.1854  
0.0311 2712.4388  
0.0124 2713.6922  
0.0000 2714.9457  
0.0000 2716.1991  
0.0062 2717.4525  
0.0062 2718.7060  
0.0311 2719.9594  
0.0373 2721.2129  
0.0373 2722.4663  
0.0187 2723.7197  
0.0000 2724.9732  
0.0062 2726.2266  
0.0187 2727.4800  
0.0373 2728.7335  
0.0249 2729.9869  
0.0249 2731.2404  
0.0124 2732.4938  
0.0062 2733.7472  
0.0062 2735.0007  
0.0062 2736.2541  
0.0187 2737.5075  
0.0124 2738.7610  
0.0187 2740.0144  
0.0124 2741.2679  
0.0062 2742.5213  
0.0062 2743.7747  
0.0187 2745.0282  
0.0062 2746.2816  
0.0187 2747.5350  
0.0249 2748.7885  
0.0062 2750.0419  
0.0062 2751.2954  
0.0187 2752.5488  
0.0124 2753.8022  
0.0000 2755.0557  
0.0124 2756.3091  
0.0373 2757.5625  
0.0498 2758.8160  
0.0311 2760.0694  
0.0249 2761.3229  
0.0187 2762.5763  
0.0187 2763.8297  
0.0124 2765.0832  
0.0249 2766.3366  
0.0124 2767.5900  
0.0062 2768.8435  
0.0124 2770.0969  
0.0062 2771.3504  
0.0124 2772.6038  
0.0249 2773.8572  
0.0249 2775.1107  
0.0062 2776.3641  
0.0062 2777.6175  
0.0000 2778.8710  
0.0187 2780.1244  
0.0124 2781.3779  
0.0062 2782.6313  
0.0000 2783.8847  
0.0062 2785.1382  
0.0124 2786.3916  
0.0124 2787.6450  
0.0062 2788.8985  
0.0062 2790.1519  
0.0124 2791.4054  
0.0062 2792.6588  
0.0062 2793.9122  
0.0311 2795.1657  
0.0373 2796.4191  
0.0062 2797.6725  
0.0000 2798.9260  
0.0124 2800.1794  
0.0124 2801.4329  
0.0000 2802.6863  
0.0000 2803.9397  
0.0124 2805.1932  
0.0124 2806.4466  
0.0062 2807.7000  
0.0000 2808.9535  
0.0124 2810.2069  
0.0124 2811.4604  
0.0124 2812.7138  
0.0187 2813.9672  
0.0124 2815.2207  
0.0062 2816.4741  
0.0124 2817.7275  
0.0062 2818.9810  
0.0124 2820.2344  
0.0062 2821.4879  
0.0124 2822.7413  
0.0187 2823.9947  
0.0311 2825.2482  
0.0249 2826.5016  
0.0311 2827.7550  
0.0062 2829.0085  
0.0062 2830.2619  
0.0124 2831.5154  
0.0373 2832.7688  
0.0187 2834.0222  
0.0062 2835.2757  
0.0000 2836.5291  
0.0124 2837.7825  
0.0124 2839.0360  
0.0062 2840.2894  
0.0000 2841.5429  
0.0000 2842.7963  
0.0187 2844.0497  
0.0124 2845.3032  
0.0062 2846.5566  
0.0187 2847.8100  
0.0124 2849.0635  
0.0249 2850.3169  
0.0124 2851.5704  
0.0062 2852.8238  
0.0062 2854.0772  
0.0187 2855.3307  
0.0124 2856.5841  
0.0000 2857.8375  
0.0124 2859.0910  
0.0249 2860.3444  
0.0249 2861.5979  
0.0062 2862.8513  
0.0000 2864.1047  
0.0062 2865.3582  
0.0000 2866.6116  
0.0062 2867.8650  
0.0000 2869.1185  
0.0124 2870.3719  
0.0124 2871.6254  
0.0062 2872.8788  
0.0062 2874.1322  
0.0124 2875.3857  
0.0187 2876.6391  
0.0311 2877.8925  
0.0249 2879.1460  
0.0311 2880.3994  
0.0187 2881.6529  
0.0124 2882.9063  
0.0187 2884.1597  
0.0000 2885.4132  
0.0249 2886.6666  
0.0249 2887.9200  
0.0062 2889.1735  
0.0124 2890.4269  
0.0124 2891.6804  
0.0062 2892.9338  
0.0249 2894.1872  
0.0249 2895.4407  
0.0311 2896.6941  
0.0062 2897.9475  
0.0187 2899.2010  
0.0062 2900.4544  
0.0124 2901.7079  
0.0062 2902.9613  
0.0124 2904.2147  
0.0187 2905.4682  
0.0124 2906.7216  
0.0249 2907.9750  
0.0187 2909.2285  
0.0249 2910.4819  
0.0062 2911.7354  
0.0249 2912.9888  
0.0311 2914.2422  
0.0187 2915.4957  
0.0000 2916.7491  
0.0000 2918.0025  
0.0062 2919.2560  
0.0249 2920.5094  
0.0062 2921.7629  
0.0062 2923.0163  
0.0124 2924.2697  
0.0124 2925.5232  
0.0062 2926.7766  
0.0062 2928.0300  
0.0124 2929.2835  
0.0124 2930.5369  
0.0187 2931.7904  
0.0062 2933.0438  
0.0062 2934.2972  
0.0000 2935.5507  
0.0124 2936.8041  
0.0124 2938.0575  
0.0124 2939.3110  
0.0249 2940.5644  
0.0311 2941.8179  
0.0187 2943.0713  
0.0062 2944.3247  
0.0249 2945.5782  
0.0311 2946.8316  
0.0311 2948.0850  
0.0062 2949.3385  
0.0062 2950.5919  
0.0124 2951.8454  
0.0124 2953.0988  
0.0062 2954.3522  
0.0124 2955.6057  
0.0000 2956.8591  
0.0249 2958.1125  
0.0311 2959.3660  
0.0187 2960.6194  
0.0062 2961.8729  
0.0187 2963.1263  
0.0311 2964.3797  
0.0187 2965.6332  
0.0249 2966.8866  
0.0062 2968.1400  
0.0187 2969.3935  
0.0187 2970.6469  
0.0124 2971.9004  
0.0124 2973.1538  
0.0124 2974.4072  
0.0124 2975.6607  
0.0062 2976.9141  
0.0124 2978.1675  
0.0124 2979.4210  
0.0124 2980.6744  
0.0062 2981.9279  
0.0187 2983.1813  
0.0124 2984.4347  
0.0187 2985.6882  
0.0062 2986.9416  
0.0062 2988.1950  
0.0124 2989.4485  
0.0124 2990.7019  
0.0062 2991.9554  
0.0124 2993.2088  
0.0062 2994.4622  
0.0062 2995.7157  
0.0249 2996.9691  
0.0311 2998.2225  
0.0249 2999.4760  
0.0124 3000.7294  
0.0187 3001.9829  
0.0187 3003.2363  
0.0062 3004.4897  
0.0062 3005.7432  
0.0124 3006.9966  
0.0187 3008.2500  
0.0249 3009.5035  
0.0124 3010.7569  
0.0062 3012.0104  
0.0124 3013.2638  
0.0187 3014.5172  
0.0124 3015.7707  
0.0000 3017.0241  
0.0062 3018.2775  
0.0249 3019.5310  
0.0311 3020.7844  
0.0124 3022.0379  
0.0124 3023.2913  
0.0187 3024.5447  
0.0062 3025.7982  
0.0062 3027.0516  
0.0000 3028.3050  
0.0249 3029.5585  
0.0062 3030.8119  
0.0062 3032.0654  
0.0124 3033.3188  
0.0124 3034.5722  
0.0187 3035.8257  
0.0062 3037.0791  
0.0124 3038.3325  
0.0124 3039.5860  
0.0000 3040.8394  
0.0124 3042.0929  
0.0062 3043.3463  
0.0124 3044.5997  
0.0187 3045.8532  
0.0187 3047.1066  
0.0124 3048.3600  
0.0124 3049.6135  
0.0124 3050.8669  
0.0062 3052.1204  
0.0062 3053.3738  
0.0062 3054.6272  
0.0124 3055.8807  
0.0000 3057.1341  
0.0187 3058.3875  
0.0000 3059.6410  
0.0062 3060.8944  
0.0062 3062.1479  
0.0124 3063.4013  
0.0000 3064.6547  
0.0124 3065.9082  
0.0124 3067.1616  
0.0062 3068.4150  
0.0062 3069.6685  
0.0062 3070.9219  
0.0249 3072.1754  
0.0187 3073.4288  
0.0187 3074.6822  
0.0124 3075.9357  
0.0000 3077.1891  
0.0124 3078.4425  
0.0124 3079.6960  
0.0062 3080.9494  
0.0187 3082.2029  
0.0124 3083.4563  
0.0000 3084.7097  
0.0062 3085.9632  
0.0124 3087.2166  
0.0062 3088.4700  
0.0062 3089.7235  
0.0062 3090.9769  
0.0000 3092.2304  
0.0062 3093.4838  
0.0062 3094.7372  
0.0124 3095.9907  
0.0187 3097.2441  
0.0124 3098.4975  
0.0187 3099.7510  
0.0187 3101.0044  
0.0124 3102.2579  
0.0000 3103.5113  
0.0062 3104.7647  
0.0000 3106.0182  
0.0000 3107.2716  
0.0062 3108.5250  
0.0000 3109.7785  
0.0000 3111.0319  
0.0124 3112.2854  
0.0124 3113.5388  
0.0000 3114.7922  
0.0062 3116.0457  
0.0000 3117.2991  
0.0187 3118.5525  
0.0062 3119.8060  
0.0124 3121.0594  
0.0124 3122.3129  
0.0062 3123.5663  
0.0124 3124.8197  
0.0000 3126.0732  
0.0187 3127.3266  
0.0000 3128.5800  
0.0124 3129.8335  
0.0124 3131.0869  
0.0311 3132.3404  
0.0187 3133.5938  
0.0124 3134.8472  
0.0187 3136.1007  
0.0124 3137.3541  
0.0249 3138.6075  
0.0124 3139.8610  
0.0062 3141.1144  
0.0062 3142.3679  
0.0124 3143.6213  
0.0000 3144.8747  
0.0187 3146.1282  
0.0187 3147.3816  
0.0124 3148.6350  
0.0187 3149.8885  
0.0062 3151.1419  
0.0062 3152.3954  
0.0187 3153.6488  
0.0187 3154.9022  
0.0187 3156.1557  
0.0187 3157.4091  
0.0187 3158.6625  
0.0249 3159.9160  
0.0124 3161.1694  
0.0124 3162.4229  
0.0062 3163.6763  
0.0187 3164.9297  
0.0187 3166.1832  
0.0187 3167.4366  
0.0249 3168.6900  
0.0187 3169.9435  
0.0062 3171.1969  
0.0062 3172.4504  
0.0062 3173.7038  
0.0062 3174.9572  
0.0124 3176.2107  
0.0249 3177.4641  
0.0249 3178.7175  
0.0124 3179.9710  
0.0000 3181.2244  
0.0062 3182.4779  
0.0124 3183.7313  
0.0062 3184.9847  
0.0124 3186.2382  
0.0124 3187.4916  
0.0062 3188.7450  
0.0124 3189.9985  
0.0062 3191.2519  
0.0187 3192.5054  
0.0000 3193.7588  
0.0124 3195.0122  
0.0000 3196.2657  
0.0062 3197.5191  
0.0124 3198.7725  
0.0062 3200.0260  
0.0124 3201.2794  
0.0062 3202.5329  
0.0062 3203.7863  
0.0000 3205.0397  
0.0062 3206.2932  
0.0062 3207.5466  
0.0249 3208.8000  
0.0249 3210.0535  
0.0000 3211.3069  
0.0124 3212.5604  
0.0187 3213.8138  
0.0187 3215.0672  
0.0062 3216.3207  
0.0062 3217.5741  
0.0000 3218.8275  
0.0187 3220.0810  
0.0124 3221.3344  
0.0187 3222.5879  
0.0187 3223.8413  
0.0062 3225.0947  
0.0062 3226.3482  
0.0062 3227.6016  
0.0062 3228.8550  
0.0062 3230.1085  
0.0000 3231.3619  
0.0062 3232.6154  
0.0062 3233.8688  
0.0249 3235.1222  
0.0187 3236.3757  
0.0000 3237.6291  
0.0062 3238.8825  
0.0062 3240.1360  
0.0124 3241.3894  
0.0062 3242.6429  
0.0124 3243.8963  
0.0062 3245.1497  
0.0187 3246.4032  
0.0062 3247.6566  
0.0062 3248.9100  
0.0062 3250.1635  
0.0000 3251.4169  
0.0062 3252.6704  
0.0187 3253.9238  
0.0187 3255.1772  
0.0187 3256.4307  
0.0062 3257.6841  
0.0000 3258.9375  
0.0000 3260.1910  
0.0062 3261.4444  
0.0187 3262.6979  
0.0187 3263.9513  
0.0124 3265.2047  
0.0124 3266.4582  
0.0187 3267.7116  
0.0000 3268.9650  
0.0062 3270.2185  
0.0062 3271.4719  
0.0249 3272.7254  
0.0124 3273.9788  
0.0000 3275.2322  
0.0062 3276.4857  
0.0062 3277.7391  
0.0187 3278.9925  
0.0249 3280.2460  
0.0124 3281.4994  
0.0124 3282.7529  
0.0062 3284.0063  
0.0062 3285.2597  
0.0187 3286.5132  
0.0062 3287.7666  
0.0062 3289.0201  
0.0062 3290.2735  
0.0000 3291.5269  
0.0000 3292.7804  
0.0000 3294.0338  
0.0124 3295.2872  
0.0062 3296.5407  
0.0062 3297.7941  
0.0124 3299.0476  
0.0249 3300.3010  
0.0311 3301.5544  
0.0187 3302.8079  
0.0124 3304.0613  
0.0062 3305.3147  
0.0062 3306.5682  
0.0062 3307.8216  
0.0062 3309.0751  
0.0124 3310.3285  
0.0000 3311.5819  
0.0062 3312.8354  
0.0062 3314.0888  
0.0062 3315.3422  
0.0062 3316.5957  
0.0124 3317.8491  
0.0062 3319.1026  
0.0187 3320.3560  
0.0187 3321.6094  
0.0124 3322.8629  
0.0124 3324.1163  
0.0062 3325.3697  
0.0062 3326.6232  
0.0062 3327.8766  
0.0187 3329.1301  
0.0187 3330.3835  
0.0062 3331.6369  
0.0124 3332.8904  
0.0062 3334.1438  
0.0000 3335.3972  
0.0124 3336.6507  
0.0187 3337.9041  
0.0062 3339.1576  
0.0062 3340.4110  
0.0124 3341.6644  
0.0062 3342.9179  
0.0062 3344.1713  
0.0062 3345.4247  
0.0000 3346.6782  
0.0124 3347.9316  
0.0062 3349.1851  
0.0062 3350.4385  
0.0124 3351.6919  
0.0124 3352.9454  
0.0062 3354.1988  
0.0062 3355.4522  
0.0000 3356.7057  
0.0062 3357.9591  
0.0124 3359.2126  
0.0062 3360.4660  
0.0000 3361.7194  
0.0062 3362.9729  
0.0124 3364.2263  
0.0000 3365.4797  
0.0000 3366.7332  
0.0062 3367.9866  
0.0124 3369.2401  
0.0124 3370.4935  
0.0124 3371.7469  
0.0062 3373.0004  
0.0062 3374.2538  
0.0062 3375.5072  
0.0187 3376.7607  
0.0187 3378.0141  
0.0124 3379.2676  
0.0124 3380.5210  
0.0000 3381.7744  
0.0187 3383.0279  
0.0124 3384.2813  
0.0062 3385.5347  
0.0124 3386.7882  
0.0062 3388.0416  
0.0124 3389.2951  
0.0062 3390.5485  
0.0000 3391.8019  
0.0000 3393.0554  
0.0000 3394.3088  
0.0062 3395.5622  
0.0000 3396.8157  
0.0062 3398.0691  
0.0124 3399.3226  
0.0000 3400.5760  
0.0062 3401.8294  
0.0000 3403.0829  
0.0000 3404.3363  
0.0062 3405.5897  
0.0124 3406.8432  
0.0124 3408.0966  
0.0124 3409.3501  
0.0124 3410.6035  
0.0000 3411.8569  
0.0249 3413.1104  
0.0311 3414.3638  
0.0062 3415.6172  
0.0000 3416.8707  
0.0187 3418.1241  
0.0249 3419.3776  
0.0311 3420.6310  
0.0249 3421.8844  
0.0187 3423.1379  
0.0124 3424.3913  
0.0000 3425.6447  
0.0124 3426.8982  
0.0187 3428.1516  
0.0124 3429.4051  
0.0124 3430.6585  
0.0124 3431.9119  
0.0062 3433.1654  
0.0000 3434.4188  
0.0000 3435.6722  
0.0000 3436.9257  
0.0124 3438.1791  
0.0000 3439.4326  
0.0062 3440.6860  
0.0062 3441.9394  
0.0000 3443.1929  
0.0062 3444.4463  
0.0000 3445.6997  
0.0062 3446.9532  
0.0062 3448.2066  
0.0187 3449.4601  
0.0062 3450.7135  
0.0187 3451.9669  
0.0062 3453.2204  
0.0124 3454.4738  
0.0249 3455.7272  
0.0373 3456.9807  
0.0062 3458.2341  
0.0124 3459.4876  
0.0124 3460.7410  
0.0000 3461.9944  
0.0124 3463.2479  
0.0062 3464.5013  
0.0124 3465.7547  
0.0124 3467.0082  
0.0062 3468.2616  
0.0000 3469.5151  
0.0124 3470.7685  
0.0187 3472.0219  
0.0249 3473.2754  
0.0000 3474.5288  
0.0062 3475.7822  
0.0062 3477.0357  
0.0124 3478.2891  
0.0062 3479.5426  
0.0124 3480.7960  
0.0124 3482.0494  
0.0062 3483.3029  
0.0000 3484.5563  
0.0062 3485.8097  
0.0249 3487.0632  
0.0311 3488.3166  
0.0062 3489.5701  
0.0000 3490.8235  
0.0000 3492.0769  
0.0124 3493.3304  
0.0187 3494.5838  
0.0187 3495.8372  
0.0124 3497.0907  
0.0124 3498.3441  
0.0124 3499.5976  
0.0000 3500.8510  
0.0062 3502.1044  
0.0062 3503.3579  
0.0124 3504.6113  
0.0124 3505.8647  
0.0062 3507.1182  
0.0000 3508.3716  
0.0062 3509.6251  
0.0124 3510.8785  
0.0249 3512.1319  
0.0124 3513.3854  
0.0124 3514.6388  
0.0000 3515.8922  
0.0187 3517.1457  
0.0249 3518.3991  
0.0062 3519.6526  
0.0000 3520.9060  
0.0000 3522.1594  
0.0062 3523.4129  
0.0124 3524.6663  
0.0000 3525.9197  
0.0062 3527.1732  
0.0124 3528.4266  
0.0062 3529.6801  
0.0062 3530.9335  
0.0124 3532.1869  
0.0062 3533.4404  
0.0124 3534.6938  
0.0187 3535.9472  
0.0124 3537.2007  
0.0124 3538.4541  
0.0062 3539.7076  
0.0124 3540.9610  
0.0124 3542.2144  
0.0000 3543.4679  
0.0062 3544.7213  
0.0062 3545.9747  
0.0187 3547.2282  
0.0311 3548.4816  
0.0187 3549.7351  
0.0124 3550.9885  
0.0187 3552.2419  
0.0187 3553.4954  
0.0062 3554.7488  
0.0249 3556.0022  
0.0249 3557.2557  
0.0062 3558.5091  
0.0062 3559.7626  
0.0062 3561.0160  
0.0124 3562.2694  
0.0062 3563.5229  
0.0124 3564.7763  
0.0187 3566.0297  
0.0187 3567.2832  
0.0000 3568.5366  
0.0062 3569.7901  
0.0062 3571.0435  
0.0124 3572.2969  
0.0249 3573.5504  
0.0187 3574.8038  
0.0000 3576.0572  
0.0000 3577.3107  
0.0000 3578.5641  
0.0124 3579.8176  
0.0062 3581.0710  
0.0062 3582.3244  
0.0062 3583.5779  
0.0062 3584.8313  
0.0000 3586.0847  
0.0062 3587.3382  
0.0062 3588.5916  
0.0000 3589.8451  
0.0062 3591.0985  
0.0062 3592.3519  
0.0124 3593.6054  
0.0062 3594.8588  
0.0062 3596.1122  
0.0062 3597.3657  
0.0124 3598.6191  
0.0124 3599.8726  
0.0000 3601.1260  
0.0187 3602.3794  
0.0187 3603.6329  
0.0062 3604.8863  
0.0124 3606.1397  
0.0124 3607.3932  
0.0124 3608.6466  
0.0124 3609.9001  
0.0124 3611.1535  
0.0000 3612.4069  
0.0062 3613.6604  
0.0062 3614.9138  
0.0062 3616.1672  
0.0124 3617.4207  
0.0000 3618.6741  
0.0124 3619.9276  
0.0124 3621.1810  
0.0124 3622.4344  
0.0187 3623.6879  
0.0124 3624.9413  
0.0124 3626.1947  
0.0000 3627.4482  
0.0124 3628.7016  
0.0062 3629.9551  
0.0187 3631.2085  
0.0000 3632.4619  
0.0000 3633.7154  
0.0062 3634.9688  
0.0000 3636.2222  
0.0124 3637.4757  
0.0062 3638.7291  
0.0062 3639.9826  
0.0124 3641.2360  
0.0249 3642.4894  
0.0124 3643.7429  
0.0124 3644.9963  
0.0062 3646.2497  
0.0124 3647.5032  
0.0000 3648.7566  
0.0062 3650.0101  
0.0000 3651.2635  
0.0124 3652.5169  
0.0000 3653.7704  
0.0000 3655.0238  
0.0000 3656.2772  
0.0062 3657.5307  
0.0062 3658.7841  
0.0000 3660.0376  
0.0000 3661.2910  
0.0062 3662.5444  
0.0062 3663.7979  
0.0062 3665.0513  
0.0000 3666.3047  
0.0000 3667.5582  
0.0062 3668.8116  
0.0124 3670.0651  
0.0124 3671.3185  
0.0124 3672.5719  
0.0124 3673.8254  
0.0124 3675.0788  
0.0124 3676.3322  
0.0000 3677.5857  
0.0000 3678.8391  
0.0000 3680.0926  
0.0062 3681.3460  
0.0124 3682.5994  
0.0062 3683.8529  
0.0062 3685.1063  
0.0062 3686.3597  
0.0062 3687.6132  
0.0062 3688.8666  
0.0124 3690.1201  
0.0124 3691.3735  
0.0249 3692.6269  
0.0249 3693.8804  
0.0124 3695.1338  
0.0124 3696.3872  
0.0062 3697.6407  
0.0000 3698.8941  
0.0000 3700.1476  
0.0000 3701.4010  
0.0000 3702.6544  
0.0000 3703.9079  
0.0062 3705.1613  
0.0062 3706.4147  
0.0062 3707.6682  
0.0062 3708.9216  
0.0000 3710.1751  
0.0000 3711.4285  
0.0124 3712.6819  
0.0124 3713.9354  
0.0062 3715.1888  
0.0062 3716.4422  
0.0124 3717.6957  
0.0062 3718.9491  
0.0062 3720.2026  
0.0062 3721.4560  
0.0000 3722.7094  
0.0062 3723.9629  
0.0062 3725.2163  
0.0000 3726.4697  
0.0124 3727.7232  
0.0124 3728.9766  
0.0062 3730.2301  
0.0062 3731.4835  
0.0062 3732.7369  
0.0124 3733.9904  
0.0124 3735.2438  
0.0124 3736.4972  
0.0062 3737.7507  
0.0000 3739.0041  
0.0062 3740.2576  
0.0124 3741.5110  
0.0000 3742.7644  
0.0062 3744.0179  
0.0062 3745.2713  
0.0062 3746.5247  
0.0062 3747.7782  
0.0124 3749.0316  
0.0124 3750.2851  
0.0124 3751.5385  
0.0249 3752.7919  
0.0062 3754.0454  
0.0000 3755.2988  
0.0062 3756.5522  
0.0124 3757.8057  
0.0000 3759.0591  
0.0062 3760.3126  
0.0124 3761.5660  
0.0062 3762.8194  
0.0000 3764.0729  
0.0000 3765.3263  
0.0000 3766.5797  
0.0062 3767.8332  
0.0062 3769.0866  
0.0062 3770.3401  
0.0000 3771.5935  
0.0062 3772.8469  
0.0000 3774.1004  
0.0000 3775.3538  
0.0000 3776.6072  
0.0062 3777.8607  
0.0000 3779.1141  
0.0062 3780.3676  
0.0000 3781.6210  
0.0000 3782.8744  
0.0124 3784.1279  
0.0124 3785.3813  
0.0124 3786.6347  
0.0187 3787.8882  
0.0124 3789.1416  
0.0124 3790.3951  
0.0124 3791.6485  
0.0124 3792.9019  
0.0062 3794.1554  
0.0124 3795.4088  
0.0000 3796.6622  
0.0124 3797.9157  
0.0124 3799.1691  
0.0000 3800.4226  
0.0124 3801.6760  
0.0000 3802.9294  
0.0062 3804.1829  
0.0062 3805.4363  
0.0062 3806.6897  
0.0062 3807.9432  
0.0062 3809.1966  
0.0000 3810.4501  
0.0062 3811.7035  
0.0062 3812.9569  
0.0187 3814.2104  
0.0249 3815.4638  
0.0124 3816.7172  
0.0124 3817.9707  
0.0062 3819.2241  
0.0000 3820.4776  
0.0062 3821.7310  
0.0124 3822.9844  
0.0000 3824.2379  
0.0062 3825.4913  
0.0062 3826.7447  
0.0062 3827.9982  
0.0000 3829.2516  
0.0062 3830.5051  
0.0124 3831.7585  
0.0000 3833.0119  
0.0000 3834.2654  
0.0062 3835.5188  
0.0124 3836.7722  
0.0062 3838.0257  
0.0000 3839.2791  
0.0062 3840.5326  
0.0062 3841.7860  
0.0062 3843.0394  
0.0000 3844.2929  
0.0062 3845.5463  
0.0000 3846.7997  
0.0000 3848.0532  
0.0000 3849.3066  
0.0000 3850.5601  
0.0062 3851.8135  
0.0124 3853.0669  
0.0062 3854.3204  
0.0062 3855.5738  
0.0062 3856.8272  
0.0124 3858.0807  
0.0062 3859.3341  
0.0062 3860.5876  
0.0062 3861.8410  
0.0124 3863.0944  
0.0062 3864.3479  
0.0062 3865.6013  
0.0124 3866.8547  
0.0062 3868.1082  
0.0062 3869.3616  
0.0062 3870.6151  
0.0000 3871.8685  
0.0000 3873.1219  
0.0124 3874.3754  
0.0062 3875.6288  
0.0000 3876.8822  
0.0062 3878.1357  
0.0124 3879.3891  
0.0000 3880.6426  
0.0062 3881.8960  
0.0000 3883.1494  
0.0062 3884.4029  
0.0062 3885.6563  
0.0062 3886.9097  
0.0062 3888.1632  
0.0062 3889.4166  
0.0062 3890.6701  
0.0000 3891.9235  
0.0062 3893.1769  
0.0062 3894.4304  
0.0187 3895.6838  
0.0062 3896.9372  
0.0062 3898.1907  
0.0062 3899.4441  
0.0000 3900.6976  
0.0124 3901.9510  
0.0062 3903.2044  
0.0000 3904.4579  
0.0124 3905.7113  
0.0062 3906.9647  
0.0062 3908.2182  
0.0062 3909.4716  
0.0062 3910.7251  
0.0000 3911.9785  
0.0062 3913.2319  
0.0062 3914.4854  
0.0062 3915.7388  
0.0062 3916.9922  
0.0000 3918.2457  
0.0124 3919.4991  
0.0062 3920.7526  
0.0000 3922.0060  
0.0000 3923.2594  
0.0000 3924.5129  
0.0062 3925.7663  
0.0000 3927.0197  
0.0000 3928.2732  
0.0124 3929.5266  
0.0187 3930.7801  
0.0187 3932.0335  
0.0124 3933.2869  
0.0062 3934.5404  
0.0124 3935.7938  
0.0062 3937.0472  
0.0062 3938.3007  
0.0062 3939.5541  
0.0000 3940.8076  
0.0062 3942.0610  
0.0000 3943.3144  
0.0124 3944.5679  
0.0187 3945.8213  
0.0124 3947.0747  
0.0062 3948.3282  
0.0000 3949.5816  
0.0000 3950.8351  
0.0062 3952.0885  
0.0124 3953.3419  
0.0124 3954.5954  
0.0000 3955.8488  
0.0062 3957.1022  
0.0062 3958.3557  
0.0062 3959.6091  
0.0062 3960.8626  
0.0000 3962.1160  
0.0000 3963.3694  
0.0124 3964.6229  
0.0062 3965.8763  
0.0124 3967.1297  
0.0000 3968.3832  
0.0062 3969.6366  
0.0000 3970.8901  
0.0000 3972.1435  
0.0062 3973.3969  
0.0062 3974.6504  
0.0000 3975.9038  
0.0000 3977.1572  
0.0124 3978.4107  
0.0062 3979.6641  
0.0000 3980.9176  
0.0000 3982.1710  
0.0062 3983.4244  
0.0000 3984.6779  
0.0000 3985.9313  
0.0062 3987.1847  
0.0062 3988.4382  
0.0000 3989.6916  
0.0062 3990.9451  
0.0000 3992.1985  
0.0000 3993.4519  
0.0000 3994.7054  
0.0062 3995.9588  
0.0062 3997.2122  
0.0124 3998.4657  
0.0062 3999.7191  
0.0000 4000.9726  
0.0000 4002.2260  
0.0124 4003.4794  
0.0062 4004.7329  
0.0124 4005.9863  
0.0062 4007.2397  
0.0062 4008.4932  
0.0000 4009.7466  
