0.0000 0.0000 3200 
0.0000 0.0000 0 
0.0000 0.0000 0 
0.0000 0.0000 0 
0.0000 0.0000 7.76001 
0.0000 0.0000 4652.00000 
0.0000 0.0000 7 
0.0057 8.7741 1600 
0.0057 10.0275 0 
0.0027 11.2809 0 
0.0030 12.5344 0 
0.0011 13.7878 0 
0.0019 15.0413 0 
0.0000 16.2947 0 
0.0008 17.5481 0.000 
0.0005 18.8016  
0.0000 20.0550  
0.0014 21.3084  
0.0025 22.5619  
0.0022 23.8153  
0.0014 25.0688  
0.0003 26.3222  
0.0008 27.5756  
0.0003 28.8291  
0.0000 30.0825  
0.0000 31.3359  
0.0000 32.5894  
0.0000 33.8428  
0.0000 35.0963  
0.0000 36.3497  
0.0000 37.6031  
0.0000 38.8566  
0.0000 40.1100  
0.0000 41.3634  
0.0000 42.6169  
0.0000 43.8703  
0.0000 45.1238  
0.0000 46.3772  
0.0000 47.6306  
0.0000 48.8841  
0.0000 50.1375  
0.0000 51.3909  
0.0000 52.6444  
0.0000 53.8978  
0.0000 55.1513  
0.0000 56.4047  
0.0000 57.6581  
0.0000 58.9116  
0.0000 60.1650  
0.0000 61.4184  
0.0003 62.6719  
0.0000 63.9253  
0.0000 65.1788  
0.0000 66.4322  
0.0000 67.6856  
0.0000 68.9391  
0.0000 70.1925  
0.0000 71.4459  
0.0000 72.6994  
0.0000 73.9528  
0.0000 75.2063  
0.0000 76.4597  
0.0000 77.7131  
0.0000 78.9666  
0.0000 80.2200  
0.0000 81.4734  
0.0000 82.7269  
0.0000 83.9803  
0.0000 85.2338  
0.0000 86.4872  
0.0000 87.7406  
0.0000 88.9941  
0.0000 90.2475  
0.0000 91.5009  
0.0000 92.7544  
0.0000 94.0078  
0.0000 95.2613  
0.0000 96.5147  
0.0000 97.7681  
0.0016 99.0216  
0.0035 100.2750  
0.0005 101.5284  
0.0000 102.7819  
0.0000 104.0353  
0.0000 105.2888  
0.0000 106.5422  
0.0000 107.7956  
0.0000 109.0491  
0.0000 110.3025  
0.0000 111.5559  
0.0000 112.8094  
0.0000 114.0628  
0.0000 115.3163  
0.0000 116.5697  
0.0000 117.8231  
0.0000 119.0766  
0.0000 120.3300  
0.0000 121.5834  
0.0000 122.8369  
0.0000 124.0903  
0.0000 125.3438  
0.0000 126.5972  
0.0000 127.8506  
0.0000 129.1041  
0.0000 130.3575  
0.0000 131.6109  
0.0000 132.8644  
0.0000 134.1178  
0.0000 135.3713  
0.0000 136.6247  
0.0000 137.8781  
0.0000 139.1316  
0.0000 140.3850  
0.0000 141.6384  
0.0000 142.8919  
0.0000 144.1453  
0.0000 145.3988  
0.0000 146.6522  
0.0000 147.9056  
0.0000 149.1591  
0.0000 150.4125  
0.0000 151.6659  
0.0000 152.9194  
0.0000 154.1728  
0.0000 155.4263  
0.0000 156.6797  
0.0000 157.9331  
0.0000 159.1866  
0.0000 160.4400  
0.0000 161.6934  
0.0000 162.9469  
0.0000 164.2003  
0.0000 165.4538  
0.0000 166.7072  
0.0000 167.9606  
0.0003 169.2141  
0.0000 170.4675  
0.0000 171.7209  
0.0000 172.9744  
0.0000 174.2278  
0.0000 175.4813  
0.0000 176.7347  
0.0000 177.9881  
0.0000 179.2416  
0.0000 180.4950  
0.0000 181.7484  
0.0000 183.0019  
0.0000 184.2553  
0.0000 185.5088  
0.0000 186.7622  
0.0000 188.0156  
0.0000 189.2691  
0.0003 190.5225  
0.0000 191.7759  
0.0000 193.0294  
0.0000 194.2828  
0.0000 195.5363  
0.0000 196.7897  
0.0000 198.0431  
0.0008 199.2966  
0.0014 200.5500  
0.0000 201.8034  
0.0000 203.0569  
0.0000 204.3103  
0.0000 205.5638  
0.0000 206.8172  
0.0000 208.0706  
0.0000 209.3241  
0.0000 210.5775  
0.0000 211.8309  
0.0000 213.0844  
0.0000 214.3378  
0.0000 215.5913  
0.0000 216.8447  
0.0000 218.0981  
0.0000 219.3516  
0.0000 220.6050  
0.0000 221.8584  
0.0000 223.1119  
0.0000 224.3653  
0.0000 225.6188  
0.0000 226.8722  
0.0000 228.1256  
0.0000 229.3791  
0.0000 230.6325  
0.0000 231.8859  
0.0000 233.1394  
0.0000 234.3928  
0.0000 235.6463  
0.0000 236.8997  
0.0000 238.1531  
0.0000 239.4066  
0.0000 240.6600  
0.0000 241.9134  
0.0000 243.1669  
0.0000 244.4203  
0.0000 245.6738  
0.0000 246.9272  
0.0000 248.1806  
0.0000 249.4341  
0.0000 250.6875  
0.0000 251.9409  
0.0000 253.1944  
0.0000 254.4478  
0.0000 255.7013  
0.0000 256.9547  
0.0000 258.2081  
0.0000 259.4616  
0.0000 260.7150  
0.0000 261.9684  
0.0000 263.2219  
0.0000 264.4753  
0.0000 265.7288  
0.0000 266.9822  
0.0000 268.2356  
0.0000 269.4891  
0.0000 270.7425  
0.0000 271.9959  
0.0000 273.2494  
0.0000 274.5028  
0.0000 275.7563  
0.0000 277.0097  
0.0000 278.2631  
0.0000 279.5166  
0.0000 280.7700  
0.0000 282.0234  
0.0000 283.2769  
0.0000 284.5303  
0.0000 285.7838  
0.0000 287.0372  
0.0000 288.2906  
0.0000 289.5441  
0.0000 290.7975  
0.0000 292.0509  
0.0000 293.3044  
0.0000 294.5578  
0.0000 295.8113  
0.0000 297.0647  
0.0000 298.3181  
0.0011 299.5716  
0.0003 300.8250  
0.0000 302.0784  
0.0000 303.3319  
0.0000 304.5853  
0.0000 305.8388  
0.0000 307.0922  
0.0000 308.3456  
0.0000 309.5991  
0.0000 310.8525  
0.0000 312.1059  
0.0000 313.3594  
0.0000 314.6128  
0.0000 315.8663  
0.0000 317.1197  
0.0000 318.3731  
0.0000 319.6266  
0.0000 320.8800  
0.0000 322.1334  
0.0000 323.3869  
0.0000 324.6403  
0.0000 325.8938  
0.0000 327.1472  
0.0000 328.4006  
0.0000 329.6541  
0.0000 330.9075  
0.0000 332.1609  
0.0000 333.4144  
0.0000 334.6678  
0.0000 335.9213  
0.0000 337.1747  
0.0000 338.4281  
0.0000 339.6816  
0.0000 340.9350  
0.0000 342.1884  
0.0000 343.4419  
0.0000 344.6953  
0.0000 345.9488  
0.0000 347.2022  
0.0000 348.4556  
0.0000 349.7091  
0.0000 350.9625  
0.0000 352.2159  
0.0000 353.4694  
0.0000 354.7228  
0.0000 355.9763  
0.0000 357.2297  
0.0000 358.4831  
0.0000 359.7366  
0.0000 360.9900  
0.0000 362.2434  
0.0000 363.4969  
0.0000 364.7503  
0.0000 366.0038  
0.0000 367.2572  
0.0000 368.5106  
0.0000 369.7641  
0.0000 371.0175  
0.0000 372.2709  
0.0000 373.5244  
0.0000 374.7778  
0.0000 376.0313  
0.0000 377.2847  
0.0000 378.5381  
0.0000 379.7916  
0.0000 381.0450  
0.0000 382.2984  
0.0000 383.5519  
0.0000 384.8053  
0.0000 386.0588  
0.0000 387.3122  
0.0000 388.5656  
0.0000 389.8191  
0.0000 391.0725  
0.0000 392.3259  
0.0000 393.5794  
0.0003 394.8328  
0.0000 396.0863  
0.0000 397.3397  
0.0000 398.5931  
0.0003 399.8466  
0.0000 401.1000  
0.0000 402.3534  
0.0000 403.6069  
0.0000 404.8603  
0.0000 406.1138  
0.0000 407.3672  
0.0000 408.6206  
0.0000 409.8741  
0.0000 411.1275  
0.0000 412.3809  
0.0000 413.6344  
0.0000 414.8878  
0.0000 416.1413  
0.0000 417.3947  
0.0000 418.6481  
0.0000 419.9016  
0.0000 421.1550  
0.0000 422.4084  
0.0000 423.6619  
0.0000 424.9153  
0.0000 426.1688  
0.0000 427.4222  
0.0000 428.6756  
0.0000 429.9291  
0.0003 431.1825  
0.0000 432.4359  
0.0000 433.6894  
0.0000 434.9428  
0.0000 436.1963  
0.0000 437.4497  
0.0000 438.7031  
0.0000 439.9566  
0.0000 441.2100  
0.0000 442.4634  
0.0000 443.7169  
0.0000 444.9703  
0.0000 446.2238  
0.0003 447.4772  
0.0000 448.7306  
0.0000 449.9841  
0.0003 451.2375  
0.0000 452.4909  
0.0000 453.7444  
0.0000 454.9978  
0.0003 456.2513  
0.0000 457.5047  
0.0000 458.7581  
0.0000 460.0116  
0.0000 461.2650  
0.0000 462.5184  
0.0000 463.7719  
0.0000 465.0253  
0.0000 466.2788  
0.0000 467.5322  
0.0000 468.7856  
0.0000 470.0391  
0.0003 471.2925  
0.0000 472.5459  
0.0000 473.7994  
0.0000 475.0528  
0.0000 476.3063  
0.0000 477.5597  
0.0000 478.8131  
0.0000 480.0666  
0.0000 481.3200  
0.0000 482.5734  
0.0000 483.8269  
0.0000 485.0803  
0.0000 486.3338  
0.0000 487.5872  
0.0000 488.8406  
0.0000 490.0941  
0.0000 491.3475  
0.0000 492.6009  
0.0000 493.8544  
0.0000 495.1078  
0.0000 496.3613  
0.0000 497.6147  
0.0000 498.8681  
0.0003 500.1216  
0.0000 501.3750  
0.0000 502.6284  
0.0000 503.8819  
0.0000 505.1353  
0.0000 506.3888  
0.0000 507.6422  
0.0000 508.8956  
0.0000 510.1491  
0.0000 511.4025  
0.0000 512.6559  
0.0000 513.9094  
0.0000 515.1628  
0.0000 516.4163  
0.0000 517.6697  
0.0000 518.9231  
0.0000 520.1766  
0.0000 521.4300  
0.0000 522.6834  
0.0000 523.9369  
0.0000 525.1903  
0.0000 526.4438  
0.0000 527.6972  
0.0000 528.9506  
0.0000 530.2041  
0.0000 531.4575  
0.0000 532.7109  
0.0000 533.9644  
0.0000 535.2178  
0.0000 536.4713  
0.0000 537.7247  
0.0000 538.9781  
0.0000 540.2316  
0.0000 541.4850  
0.0000 542.7384  
0.0000 543.9919  
0.0000 545.2453  
0.0000 546.4988  
0.0000 547.7522  
0.0000 549.0056  
0.0000 550.2591  
0.0000 551.5125  
0.0000 552.7659  
0.0000 554.0194  
0.0000 555.2728  
0.0000 556.5263  
0.0000 557.7797  
0.0000 559.0331  
0.0000 560.2866  
0.0000 561.5400  
0.0000 562.7934  
0.0000 564.0469  
0.0000 565.3003  
0.0000 566.5538  
0.0000 567.8072  
0.0000 569.0606  
0.0000 570.3141  
0.0000 571.5675  
0.0000 572.8209  
0.0000 574.0744  
0.0000 575.3278  
0.0000 576.5813  
0.0000 577.8347  
0.0000 579.0881  
0.0000 580.3416  
0.0003 581.5950  
0.0003 582.8484  
0.0000 584.1019  
0.0000 585.3553  
0.0000 586.6088  
0.0003 587.8622  
0.0000 589.1156  
0.0000 590.3691  
0.0000 591.6225  
0.0003 592.8759  
0.0000 594.1294  
0.0000 595.3828  
0.0000 596.6363  
0.0000 597.8897  
0.0000 599.1431  
0.0000 600.3966  
0.0000 601.6500  
0.0000 602.9034  
0.0000 604.1569  
0.0000 605.4103  
0.0000 606.6638  
0.0000 607.9172  
0.0000 609.1706  
0.0000 610.4241  
0.0000 611.6775  
0.0000 612.9309  
0.0000 614.1844  
0.0000 615.4378  
0.0000 616.6913  
0.0000 617.9447  
0.0000 619.1981  
0.0000 620.4516  
0.0000 621.7050  
0.0000 622.9584  
0.0000 624.2119  
0.0000 625.4653  
0.0000 626.7188  
0.0000 627.9722  
0.0000 629.2256  
0.0000 630.4791  
0.0000 631.7325  
0.0000 632.9859  
0.0000 634.2394  
0.0000 635.4928  
0.0000 636.7463  
0.0000 637.9997  
0.0000 639.2531  
0.0000 640.5066  
0.0003 641.7600  
0.0000 643.0134  
0.0000 644.2669  
0.0000 645.5203  
0.0000 646.7738  
0.0000 648.0272  
0.0000 649.2806  
0.0000 650.5341  
0.0000 651.7875  
0.0000 653.0409  
0.0000 654.2944  
0.0000 655.5478  
0.0000 656.8013  
0.0000 658.0547  
0.0000 659.3081  
0.0000 660.5616  
0.0000 661.8150  
0.0000 663.0684  
0.0000 664.3219  
0.0000 665.5753  
0.0000 666.8288  
0.0000 668.0822  
0.0000 669.3356  
0.0000 670.5891  
0.0000 671.8425  
0.0000 673.0959  
0.0000 674.3494  
0.0000 675.6028  
0.0000 676.8563  
0.0000 678.1097  
0.0000 679.3631  
0.0000 680.6166  
0.0000 681.8700  
0.0000 683.1234  
0.0000 684.3769  
0.0000 685.6303  
0.0000 686.8838  
0.0000 688.1372  
0.0000 689.3906  
0.0003 690.6441  
0.0003 691.8975  
0.0008 693.1509  
0.0044 694.4044  
0.0191 695.6578  
0.3423 696.9113  
0.9442 698.1647  
0.6270 699.4181  
0.0426 700.6716  
0.0082 701.9250  
0.0027 703.1784  
0.0008 704.4319  
0.0000 705.6853  
0.0000 706.9388  
0.0000 708.1922  
0.0000 709.4456  
0.0000 710.6991  
0.0000 711.9525  
0.0000 713.2059  
0.0000 714.4594  
0.0000 715.7128  
0.0000 716.9663  
0.0000 718.2197  
0.0000 719.4731  
0.0000 720.7266  
0.0000 721.9800  
0.0000 723.2334  
0.0000 724.4869  
0.0000 725.7403  
0.0000 726.9938  
0.0000 728.2472  
0.0000 729.5006  
0.0000 730.7541  
0.0000 732.0075  
0.0000 733.2609  
0.0000 734.5144  
0.0000 735.7678  
0.0000 737.0213  
0.0000 738.2747  
0.0000 739.5281  
0.0000 740.7816  
0.0000 742.0350  
0.0000 743.2884  
0.0000 744.5419  
0.0000 745.7953  
0.0000 747.0488  
0.0000 748.3022  
0.0000 749.5556  
0.0000 750.8091  
0.0000 752.0625  
0.0000 753.3159  
0.0000 754.5694  
0.0000 755.8228  
0.0000 757.0763  
0.0000 758.3297  
0.0000 759.5831  
0.0003 760.8366  
0.0000 762.0900  
0.0003 763.3434  
0.0000 764.5969  
0.0003 765.8503  
0.0000 767.1038  
0.0000 768.3572  
0.0000 769.6106  
0.0000 770.8641  
0.0000 772.1175  
0.0000 773.3709  
0.0000 774.6244  
0.0000 775.8778  
0.0003 777.1313  
0.0000 778.3847  
0.0000 779.6381  
0.0003 780.8916  
0.0000 782.1450  
0.0003 783.3984  
0.0000 784.6519  
0.0000 785.9053  
0.0000 787.1588  
0.0003 788.4122  
0.0000 789.6656  
0.0000 790.9191  
0.0000 792.1725  
0.0000 793.4259  
0.0000 794.6794  
0.0000 795.9328  
0.0000 797.1863  
0.0000 798.4397  
0.0000 799.6931  
0.0000 800.9466  
0.0000 802.2000  
0.0000 803.4534  
0.0000 804.7069  
0.0000 805.9603  
0.0000 807.2138  
0.0000 808.4672  
0.0000 809.7206  
0.0000 810.9741  
0.0003 812.2275  
0.0003 813.4809  
0.0000 814.7344  
0.0000 815.9878  
0.0000 817.2413  
0.0000 818.4947  
0.0000 819.7481  
0.0000 821.0016  
0.0000 822.2550  
0.0000 823.5085  
0.0000 824.7619  
0.0000 826.0153  
0.0000 827.2688  
0.0000 828.5222  
0.0000 829.7756  
0.0000 831.0291  
0.0003 832.2825  
0.0000 833.5360  
0.0000 834.7894  
0.0000 836.0428  
0.0000 837.2963  
0.0003 838.5497  
0.0000 839.8031  
0.0000 841.0566  
0.0000 842.3100  
0.0003 843.5635  
0.0003 844.8169  
0.0000 846.0703  
0.0000 847.3238  
0.0000 848.5772  
0.0000 849.8306  
0.0000 851.0841  
0.0000 852.3375  
0.0000 853.5910  
0.0000 854.8444  
0.0000 856.0978  
0.0000 857.3513  
0.0000 858.6047  
0.0000 859.8581  
0.0000 861.1116  
0.0003 862.3650  
0.0000 863.6185  
0.0000 864.8719  
0.0000 866.1253  
0.0000 867.3788  
0.0000 868.6322  
0.0000 869.8856  
0.0000 871.1391  
0.0000 872.3925  
0.0000 873.6460  
0.0000 874.8994  
0.0000 876.1528  
0.0000 877.4063  
0.0000 878.6597  
0.0000 879.9131  
0.0000 881.1666  
0.0000 882.4200  
0.0003 883.6735  
0.0000 884.9269  
0.0000 886.1803  
0.0000 887.4338  
0.0003 888.6872  
0.0000 889.9406  
0.0000 891.1941  
0.0000 892.4475  
0.0000 893.7010  
0.0000 894.9544  
0.0000 896.2078  
0.0000 897.4613  
0.0000 898.7147  
0.0000 899.9681  
0.0000 901.2216  
0.0000 902.4750  
0.0000 903.7285  
0.0000 904.9819  
0.0000 906.2353  
0.0000 907.4888  
0.0000 908.7422  
0.0000 909.9956  
0.0000 911.2491  
0.0000 912.5025  
0.0000 913.7560  
0.0000 915.0094  
0.0000 916.2628  
0.0000 917.5163  
0.0000 918.7697  
0.0000 920.0231  
0.0000 921.2766  
0.0000 922.5300  
0.0000 923.7835  
0.0000 925.0369  
0.0000 926.2903  
0.0000 927.5438  
0.0000 928.7972  
0.0000 930.0506  
0.0000 931.3041  
0.0000 932.5575  
0.0000 933.8110  
0.0000 935.0644  
0.0000 936.3178  
0.0000 937.5713  
0.0000 938.8247  
0.0000 940.0781  
0.0000 941.3316  
0.0000 942.5850  
0.0000 943.8385  
0.0000 945.0919  
0.0000 946.3453  
0.0000 947.5988  
0.0000 948.8522  
0.0000 950.1056  
0.0000 951.3591  
0.0000 952.6125  
0.0000 953.8660  
0.0000 955.1194  
0.0000 956.3728  
0.0000 957.6263  
0.0000 958.8797  
0.0000 960.1331  
0.0000 961.3866  
0.0000 962.6400  
0.0000 963.8935  
0.0000 965.1469  
0.0000 966.4003  
0.0000 967.6538  
0.0000 968.9072  
0.0000 970.1606  
0.0000 971.4141  
0.0000 972.6675  
0.0000 973.9210  
0.0000 975.1744  
0.0000 976.4278  
0.0000 977.6813  
0.0000 978.9347  
0.0000 980.1881  
0.0000 981.4416  
0.0000 982.6950  
0.0000 983.9485  
0.0000 985.2019  
0.0000 986.4553  
0.0005 987.7088  
0.0000 988.9622  
0.0000 990.2156  
0.0000 991.4691  
0.0000 992.7225  
0.0000 993.9760  
0.0000 995.2294  
0.0000 996.4828  
0.0000 997.7363  
0.0000 998.9897  
0.0000 1000.2431  
0.0000 1001.4966  
0.0000 1002.7500  
0.0000 1004.0035  
0.0000 1005.2569  
0.0000 1006.5103  
0.0000 1007.7638  
0.0000 1009.0172  
0.0000 1010.2706  
0.0000 1011.5241  
0.0000 1012.7775  
0.0000 1014.0310  
0.0000 1015.2844  
0.0000 1016.5378  
0.0000 1017.7913  
0.0000 1019.0447  
0.0000 1020.2981  
0.0000 1021.5516  
0.0000 1022.8050  
0.0000 1024.0585  
0.0000 1025.3119  
0.0000 1026.5653  
0.0000 1027.8188  
0.0000 1029.0722  
0.0000 1030.3256  
0.0000 1031.5791  
0.0000 1032.8325  
0.0000 1034.0860  
0.0000 1035.3394  
0.0000 1036.5928  
0.0000 1037.8463  
0.0000 1039.0997  
0.0000 1040.3531  
0.0000 1041.6066  
0.0000 1042.8600  
0.0000 1044.1135  
0.0000 1045.3669  
0.0000 1046.6203  
0.0000 1047.8738  
0.0000 1049.1272  
0.0000 1050.3806  
0.0000 1051.6341  
0.0000 1052.8875  
0.0000 1054.1410  
0.0000 1055.3944  
0.0000 1056.6478  
0.0000 1057.9013  
0.0000 1059.1547  
0.0000 1060.4081  
0.0000 1061.6616  
0.0000 1062.9150  
0.0000 1064.1685  
0.0000 1065.4219  
0.0000 1066.6753  
0.0000 1067.9288  
0.0000 1069.1822  
0.0000 1070.4356  
0.0000 1071.6891  
0.0000 1072.9425  
0.0000 1074.1960  
0.0000 1075.4494  
0.0000 1076.7028  
0.0000 1077.9563  
0.0000 1079.2097  
0.0000 1080.4631  
0.0000 1081.7166  
0.0000 1082.9700  
0.0000 1084.2235  
0.0000 1085.4769  
0.0000 1086.7303  
0.0000 1087.9838  
0.0000 1089.2372  
0.0000 1090.4906  
0.0000 1091.7441  
0.0003 1092.9975  
0.0000 1094.2510  
0.0000 1095.5044  
0.0000 1096.7578  
0.0000 1098.0113  
0.0000 1099.2647  
0.0000 1100.5181  
0.0000 1101.7716  
0.0000 1103.0250  
0.0000 1104.2785  
0.0000 1105.5319  
0.0000 1106.7853  
0.0000 1108.0388  
0.0000 1109.2922  
0.0000 1110.5456  
0.0000 1111.7991  
0.0000 1113.0525  
0.0003 1114.3060  
0.0000 1115.5594  
0.0000 1116.8128  
0.0000 1118.0663  
0.0000 1119.3197  
0.0000 1120.5731  
0.0000 1121.8266  
0.0000 1123.0800  
0.0000 1124.3335  
0.0000 1125.5869  
0.0000 1126.8403  
0.0000 1128.0938  
0.0000 1129.3472  
0.0000 1130.6006  
0.0000 1131.8541  
0.0000 1133.1075  
0.0000 1134.3610  
0.0000 1135.6144  
0.0000 1136.8678  
0.0000 1138.1213  
0.0000 1139.3747  
0.0000 1140.6281  
0.0000 1141.8816  
0.0000 1143.1350  
0.0000 1144.3885  
0.0000 1145.6419  
0.0000 1146.8953  
0.0000 1148.1488  
0.0000 1149.4022  
0.0000 1150.6556  
0.0000 1151.9091  
0.0000 1153.1625  
0.0000 1154.4160  
0.0000 1155.6694  
0.0000 1156.9228  
0.0000 1158.1763  
0.0000 1159.4297  
0.0000 1160.6831  
0.0000 1161.9366  
0.0000 1163.1900  
0.0000 1164.4435  
0.0000 1165.6969  
0.0000 1166.9503  
0.0000 1168.2038  
0.0000 1169.4572  
0.0000 1170.7106  
0.0000 1171.9641  
0.0000 1173.2175  
0.0000 1174.4710  
0.0000 1175.7244  
0.0000 1176.9778  
0.0000 1178.2313  
0.0000 1179.4847  
0.0000 1180.7381  
0.0000 1181.9916  
0.0000 1183.2450  
0.0000 1184.4985  
0.0000 1185.7519  
0.0000 1187.0053  
0.0000 1188.2588  
0.0000 1189.5122  
0.0000 1190.7656  
0.0000 1192.0191  
0.0000 1193.2725  
0.0000 1194.5260  
0.0000 1195.7794  
0.0000 1197.0328  
0.0000 1198.2863  
0.0000 1199.5397  
0.0000 1200.7931  
0.0000 1202.0466  
0.0000 1203.3000  
0.0000 1204.5535  
0.0000 1205.8069  
0.0000 1207.0603  
0.0000 1208.3138  
0.0000 1209.5672  
0.0000 1210.8206  
0.0000 1212.0741  
0.0000 1213.3275  
0.0000 1214.5810  
0.0000 1215.8344  
0.0000 1217.0878  
0.0000 1218.3413  
0.0000 1219.5947  
0.0000 1220.8481  
0.0000 1222.1016  
0.0000 1223.3550  
0.0000 1224.6085  
0.0000 1225.8619  
0.0000 1227.1153  
0.0000 1228.3688  
0.0000 1229.6222  
0.0000 1230.8756  
0.0000 1232.1291  
0.0000 1233.3825  
0.0000 1234.6360  
0.0000 1235.8894  
0.0000 1237.1428  
0.0000 1238.3963  
0.0000 1239.6497  
0.0000 1240.9031  
0.0000 1242.1566  
0.0000 1243.4100  
0.0000 1244.6635  
0.0000 1245.9169  
0.0000 1247.1703  
0.0000 1248.4238  
0.0000 1249.6772  
0.0000 1250.9306  
0.0000 1252.1841  
0.0000 1253.4375  
0.0000 1254.6910  
0.0000 1255.9444  
0.0000 1257.1978  
0.0000 1258.4513  
0.0000 1259.7047  
0.0000 1260.9581  
0.0000 1262.2116  
0.0000 1263.4650  
0.0000 1264.7185  
0.0000 1265.9719  
0.0000 1267.2253  
0.0000 1268.4788  
0.0000 1269.7322  
0.0000 1270.9856  
0.0000 1272.2391  
0.0000 1273.4925  
0.0000 1274.7460  
0.0000 1275.9994  
0.0000 1277.2528  
0.0000 1278.5063  
0.0000 1279.7597  
0.0000 1281.0131  
0.0000 1282.2666  
0.0000 1283.5200  
0.0000 1284.7735  
0.0000 1286.0269  
0.0000 1287.2803  
0.0000 1288.5338  
0.0000 1289.7872  
0.0000 1291.0406  
0.0000 1292.2941  
0.0000 1293.5475  
0.0000 1294.8010  
0.0000 1296.0544  
0.0000 1297.3078  
0.0000 1298.5613  
0.0000 1299.8147  
0.0000 1301.0681  
0.0000 1302.3216  
0.0000 1303.5750  
0.0000 1304.8285  
0.0000 1306.0819  
0.0000 1307.3353  
0.0000 1308.5888  
0.0000 1309.8422  
0.0000 1311.0956  
0.0000 1312.3491  
0.0000 1313.6025  
0.0000 1314.8560  
0.0000 1316.1094  
0.0000 1317.3628  
0.0000 1318.6163  
0.0000 1319.8697  
0.0000 1321.1231  
0.0000 1322.3766  
0.0000 1323.6300  
0.0000 1324.8835  
0.0000 1326.1369  
0.0000 1327.3903  
0.0000 1328.6438  
0.0000 1329.8972  
0.0000 1331.1506  
0.0000 1332.4041  
0.0000 1333.6575  
0.0000 1334.9110  
0.0000 1336.1644  
0.0000 1337.4178  
0.0000 1338.6713  
0.0000 1339.9247  
0.0000 1341.1781  
0.0000 1342.4316  
0.0000 1343.6850  
0.0000 1344.9385  
0.0000 1346.1919  
0.0000 1347.4453  
0.0000 1348.6988  
0.0000 1349.9522  
0.0000 1351.2056  
0.0000 1352.4591  
0.0000 1353.7125  
0.0000 1354.9660  
0.0000 1356.2194  
0.0000 1357.4728  
0.0000 1358.7263  
0.0000 1359.9797  
0.0000 1361.2331  
0.0000 1362.4866  
0.0000 1363.7400  
0.0000 1364.9935  
0.0000 1366.2469  
0.0000 1367.5003  
0.0000 1368.7538  
0.0000 1370.0072  
0.0000 1371.2606  
0.0000 1372.5141  
0.0000 1373.7675  
0.0000 1375.0210  
0.0000 1376.2744  
0.0000 1377.5278  
0.0000 1378.7813  
0.0000 1380.0347  
0.0000 1381.2881  
0.0000 1382.5416  
0.0000 1383.7950  
0.0000 1385.0485  
0.0000 1386.3019  
0.0000 1387.5553  
0.0000 1388.8088  
0.0000 1390.0622  
0.0000 1391.3156  
0.0000 1392.5691  
0.0000 1393.8225  
0.0000 1395.0760  
0.0005 1396.3294  
0.0000 1397.5828  
0.0000 1398.8363  
0.0000 1400.0897  
0.0000 1401.3431  
0.0000 1402.5966  
0.0000 1403.8500  
0.0000 1405.1035  
0.0000 1406.3569  
0.0000 1407.6103  
0.0000 1408.8638  
0.0000 1410.1172  
0.0000 1411.3706  
0.0000 1412.6241  
0.0000 1413.8775  
0.0000 1415.1310  
0.0000 1416.3844  
0.0000 1417.6378  
0.0000 1418.8913  
0.0000 1420.1447  
0.0000 1421.3981  
0.0000 1422.6516  
0.0000 1423.9050  
0.0000 1425.1585  
0.0000 1426.4119  
0.0000 1427.6653  
0.0000 1428.9188  
0.0000 1430.1722  
0.0000 1431.4256  
0.0000 1432.6791  
0.0000 1433.9325  
0.0000 1435.1860  
0.0000 1436.4394  
0.0000 1437.6928  
0.0000 1438.9463  
0.0000 1440.1997  
0.0000 1441.4531  
0.0000 1442.7066  
0.0000 1443.9600  
0.0000 1445.2135  
0.0000 1446.4669  
0.0000 1447.7203  
0.0000 1448.9738  
0.0000 1450.2272  
0.0000 1451.4806  
0.0003 1452.7341  
0.0000 1453.9875  
0.0000 1455.2410  
0.0000 1456.4944  
0.0000 1457.7478  
0.0000 1459.0013  
0.0000 1460.2547  
0.0000 1461.5081  
0.0000 1462.7616  
0.0000 1464.0150  
0.0000 1465.2685  
0.0000 1466.5219  
0.0000 1467.7753  
0.0000 1469.0288  
0.0000 1470.2822  
0.0000 1471.5356  
0.0000 1472.7891  
0.0003 1474.0425  
0.0000 1475.2960  
0.0000 1476.5494  
0.0000 1477.8028  
0.0000 1479.0563  
0.0000 1480.3097  
0.0000 1481.5631  
0.0000 1482.8166  
0.0000 1484.0700  
0.0000 1485.3235  
0.0000 1486.5769  
0.0000 1487.8303  
0.0000 1489.0838  
0.0000 1490.3372  
0.0000 1491.5906  
0.0000 1492.8441  
0.0000 1494.0975  
0.0000 1495.3510  
0.0000 1496.6044  
0.0000 1497.8578  
0.0000 1499.1113  
0.0000 1500.3647  
0.0000 1501.6181  
0.0000 1502.8716  
0.0000 1504.1250  
0.0000 1505.3785  
0.0000 1506.6319  
0.0000 1507.8853  
0.0000 1509.1388  
0.0000 1510.3922  
0.0000 1511.6456  
0.0000 1512.8991  
0.0000 1514.1525  
0.0000 1515.4060  
0.0000 1516.6594  
0.0000 1517.9128  
0.0000 1519.1663  
0.0000 1520.4197  
0.0000 1521.6731  
0.0000 1522.9266  
0.0000 1524.1800  
0.0000 1525.4335  
0.0000 1526.6869  
0.0000 1527.9403  
0.0000 1529.1938  
0.0000 1530.4472  
0.0000 1531.7006  
0.0000 1532.9541  
0.0000 1534.2075  
0.0000 1535.4610  
0.0000 1536.7144  
0.0000 1537.9678  
0.0000 1539.2213  
0.0000 1540.4747  
0.0000 1541.7281  
0.0000 1542.9816  
0.0000 1544.2350  
0.0000 1545.4885  
0.0000 1546.7419  
0.0000 1547.9953  
0.0000 1549.2488  
0.0000 1550.5022  
0.0000 1551.7556  
0.0000 1553.0091  
0.0000 1554.2625  
0.0000 1555.5160  
0.0000 1556.7694  
0.0000 1558.0228  
0.0000 1559.2763  
0.0000 1560.5297  
0.0000 1561.7831  
0.0000 1563.0366  
0.0000 1564.2900  
0.0000 1565.5435  
0.0000 1566.7969  
0.0000 1568.0503  
0.0000 1569.3038  
0.0000 1570.5572  
0.0000 1571.8106  
0.0000 1573.0641  
0.0000 1574.3175  
0.0000 1575.5710  
0.0000 1576.8244  
0.0000 1578.0778  
0.0000 1579.3313  
0.0000 1580.5847  
0.0000 1581.8381  
0.0000 1583.0916  
0.0000 1584.3450  
0.0000 1585.5985  
0.0000 1586.8519  
0.0000 1588.1053  
0.0000 1589.3588  
0.0000 1590.6122  
0.0000 1591.8656  
0.0000 1593.1191  
0.0000 1594.3725  
0.0000 1595.6260  
0.0000 1596.8794  
0.0000 1598.1328  
0.0000 1599.3863  
0.0000 1600.6397  
0.0000 1601.8931  
0.0000 1603.1466  
0.0000 1604.4000  
0.0000 1605.6535  
0.0000 1606.9069  
0.0000 1608.1603  
0.0000 1609.4138  
0.0000 1610.6672  
0.0000 1611.9206  
0.0000 1613.1741  
0.0000 1614.4275  
0.0000 1615.6810  
0.0000 1616.9344  
0.0000 1618.1878  
0.0000 1619.4413  
0.0000 1620.6947  
0.0000 1621.9481  
0.0000 1623.2016  
0.0000 1624.4550  
0.0000 1625.7085  
0.0000 1626.9619  
0.0000 1628.2153  
0.0000 1629.4688  
0.0000 1630.7222  
0.0000 1631.9756  
0.0000 1633.2291  
0.0000 1634.4825  
0.0000 1635.7360  
0.0000 1636.9894  
0.0000 1638.2428  
0.0000 1639.4963  
0.0000 1640.7497  
0.0003 1642.0031  
0.0000 1643.2566  
0.0000 1644.5100  
0.0000 1645.7635  
0.0000 1647.0169  
0.0000 1648.2703  
0.0000 1649.5238  
0.0000 1650.7772  
0.0000 1652.0307  
0.0000 1653.2841  
0.0000 1654.5375  
0.0000 1655.7910  
0.0000 1657.0444  
0.0000 1658.2978  
0.0000 1659.5513  
0.0000 1660.8047  
0.0000 1662.0582  
0.0000 1663.3116  
0.0000 1664.5650  
0.0000 1665.8185  
0.0000 1667.0719  
0.0000 1668.3253  
0.0000 1669.5788  
0.0000 1670.8322  
0.0000 1672.0857  
0.0000 1673.3391  
0.0000 1674.5925  
0.0000 1675.8460  
0.0000 1677.0994  
0.0000 1678.3528  
0.0000 1679.6063  
0.0000 1680.8597  
0.0000 1682.1132  
0.0003 1683.3666  
0.0000 1684.6200  
0.0000 1685.8735  
0.0000 1687.1269  
0.0000 1688.3803  
0.0000 1689.6338  
0.0000 1690.8872  
0.0000 1692.1407  
0.0000 1693.3941  
0.0000 1694.6475  
0.0000 1695.9010  
0.0000 1697.1544  
0.0000 1698.4078  
0.0000 1699.6613  
0.0000 1700.9147  
0.0000 1702.1682  
0.0000 1703.4216  
0.0000 1704.6750  
0.0000 1705.9285  
0.0000 1707.1819  
0.0000 1708.4353  
0.0000 1709.6888  
0.0000 1710.9422  
0.0000 1712.1957  
0.0000 1713.4491  
0.0000 1714.7025  
0.0000 1715.9560  
0.0000 1717.2094  
0.0000 1718.4628  
0.0003 1719.7163  
0.0000 1720.9697  
0.0003 1722.2232  
0.0003 1723.4766  
0.0000 1724.7300  
0.0000 1725.9835  
0.0000 1727.2369  
0.0003 1728.4903  
0.0000 1729.7438  
0.0003 1730.9972  
0.0000 1732.2507  
0.0000 1733.5041  
0.0003 1734.7575  
0.0000 1736.0110  
0.0000 1737.2644  
0.0000 1738.5178  
0.0000 1739.7713  
0.0000 1741.0247  
0.0000 1742.2782  
0.0000 1743.5316  
0.0000 1744.7850  
0.0000 1746.0385  
0.0000 1747.2919  
0.0000 1748.5453  
0.0000 1749.7988  
0.0000 1751.0522  
0.0000 1752.3057  
0.0003 1753.5591  
0.0000 1754.8125  
0.0000 1756.0660  
0.0000 1757.3194  
0.0000 1758.5728  
0.0000 1759.8263  
0.0000 1761.0797  
0.0000 1762.3332  
0.0000 1763.5866  
0.0000 1764.8400  
0.0000 1766.0935  
0.0000 1767.3469  
0.0000 1768.6003  
0.0000 1769.8538  
0.0000 1771.1072  
0.0000 1772.3607  
0.0000 1773.6141  
0.0000 1774.8675  
0.0000 1776.1210  
0.0000 1777.3744  
0.0003 1778.6278  
0.0000 1779.8813  
0.0000 1781.1347  
0.0000 1782.3882  
0.0003 1783.6416  
0.0000 1784.8950  
0.0003 1786.1485  
0.0000 1787.4019  
0.0000 1788.6553  
0.0003 1789.9088  
0.0000 1791.1622  
0.0000 1792.4157  
0.0000 1793.6691  
0.0000 1794.9225  
0.0000 1796.1760  
0.0000 1797.4294  
0.0000 1798.6828  
0.0000 1799.9363  
0.0003 1801.1897  
0.0000 1802.4432  
0.0003 1803.6966  
0.0000 1804.9500  
0.0003 1806.2035  
0.0000 1807.4569  
0.0000 1808.7103  
0.0000 1809.9638  
0.0000 1811.2172  
0.0000 1812.4707  
0.0000 1813.7241  
0.0000 1814.9775  
0.0000 1816.2310  
0.0000 1817.4844  
0.0000 1818.7378  
0.0000 1819.9913  
0.0000 1821.2447  
0.0000 1822.4982  
0.0000 1823.7516  
0.0000 1825.0050  
0.0000 1826.2585  
0.0000 1827.5119  
0.0000 1828.7653  
0.0000 1830.0188  
0.0000 1831.2722  
0.0000 1832.5257  
0.0000 1833.7791  
0.0000 1835.0325  
0.0000 1836.2860  
0.0000 1837.5394  
0.0000 1838.7928  
0.0000 1840.0463  
0.0000 1841.2997  
0.0000 1842.5532  
0.0000 1843.8066  
0.0000 1845.0600  
0.0000 1846.3135  
0.0000 1847.5669  
0.0000 1848.8203  
0.0000 1850.0738  
0.0000 1851.3272  
0.0000 1852.5807  
0.0000 1853.8341  
0.0000 1855.0875  
0.0000 1856.3410  
0.0000 1857.5944  
0.0000 1858.8478  
0.0000 1860.1013  
0.0000 1861.3547  
0.0000 1862.6082  
0.0000 1863.8616  
0.0000 1865.1150  
0.0000 1866.3685  
0.0005 1867.6219  
0.0000 1868.8753  
0.0005 1870.1288  
0.0005 1871.3822  
0.0005 1872.6357  
0.0003 1873.8891  
0.0000 1875.1425  
0.0003 1876.3960  
0.0000 1877.6494  
0.0000 1878.9028  
0.0000 1880.1563  
0.0000 1881.4097  
0.0000 1882.6632  
0.0000 1883.9166  
0.0000 1885.1700  
0.0000 1886.4235  
0.0000 1887.6769  
0.0000 1888.9303  
0.0000 1890.1838  
0.0000 1891.4372  
0.0000 1892.6907  
0.0000 1893.9441  
0.0000 1895.1975  
0.0000 1896.4510  
0.0000 1897.7044  
0.0000 1898.9578  
0.0000 1900.2113  
0.0005 1901.4647  
0.0000 1902.7182  
0.0000 1903.9716  
0.0000 1905.2250  
0.0000 1906.4785  
0.0000 1907.7319  
0.0000 1908.9853  
0.0000 1910.2388  
0.0000 1911.4922  
0.0000 1912.7457  
0.0000 1913.9991  
0.0000 1915.2525  
0.0000 1916.5060  
0.0000 1917.7594  
0.0000 1919.0128  
0.0000 1920.2663  
0.0000 1921.5197  
0.0000 1922.7732  
0.0000 1924.0266  
0.0003 1925.2800  
0.0000 1926.5335  
0.0000 1927.7869  
0.0000 1929.0403  
0.0000 1930.2938  
0.0000 1931.5472  
0.0000 1932.8007  
0.0000 1934.0541  
0.0000 1935.3075  
0.0000 1936.5610  
0.0000 1937.8144  
0.0000 1939.0678  
0.0000 1940.3213  
0.0000 1941.5747  
0.0000 1942.8282  
0.0000 1944.0816  
0.0000 1945.3350  
0.0000 1946.5885  
0.0000 1947.8419  
0.0000 1949.0953  
0.0000 1950.3488  
0.0000 1951.6022  
0.0000 1952.8557  
0.0000 1954.1091  
0.0000 1955.3625  
0.0000 1956.6160  
0.0000 1957.8694  
0.0000 1959.1228  
0.0000 1960.3763  
0.0000 1961.6297  
0.0000 1962.8832  
0.0000 1964.1366  
0.0000 1965.3900  
0.0000 1966.6435  
0.0000 1967.8969  
0.0000 1969.1503  
0.0000 1970.4038  
0.0000 1971.6572  
0.0014 1972.9107  
0.0063 1974.1641  
0.0033 1975.4175  
0.0000 1976.6710  
0.0000 1977.9244  
0.0003 1979.1778  
0.0000 1980.4313  
0.0000 1981.6847  
0.0003 1982.9382  
0.0000 1984.1916  
0.0000 1985.4450  
0.0000 1986.6985  
0.0000 1987.9519  
0.0000 1989.2053  
0.0000 1990.4588  
0.0000 1991.7122  
0.0000 1992.9657  
0.0000 1994.2191  
0.0000 1995.4725  
0.0000 1996.7260  
0.0000 1997.9794  
0.0000 1999.2328  
0.0000 2000.4863  
0.0000 2001.7397  
0.0000 2002.9932  
0.0000 2004.2466  
0.0000 2005.5000  
0.0000 2006.7535  
0.0000 2008.0069  
0.0000 2009.2603  
0.0000 2010.5138  
0.0000 2011.7672  
0.0000 2013.0207  
0.0000 2014.2741  
0.0000 2015.5275  
0.0000 2016.7810  
0.0000 2018.0344  
0.0000 2019.2878  
0.0000 2020.5413  
0.0000 2021.7947  
0.0000 2023.0482  
0.0000 2024.3016  
0.0000 2025.5550  
0.0000 2026.8085  
0.0000 2028.0619  
0.0000 2029.3153  
0.0000 2030.5688  
0.0000 2031.8222  
0.0000 2033.0757  
0.0000 2034.3291  
0.0000 2035.5825  
0.0000 2036.8360  
0.0000 2038.0894  
0.0000 2039.3428  
0.0000 2040.5963  
0.0000 2041.8497  
0.0000 2043.1032  
0.0000 2044.3566  
0.0000 2045.6100  
0.0000 2046.8635  
0.0000 2048.1169  
0.0000 2049.3703  
0.0000 2050.6238  
0.0000 2051.8772  
0.0000 2053.1307  
0.0000 2054.3841  
0.0000 2055.6375  
0.0000 2056.8910  
0.0000 2058.1444  
0.0000 2059.3978  
0.0000 2060.6513  
0.0000 2061.9047  
0.0000 2063.1582  
0.0000 2064.4116  
0.0000 2065.6650  
0.0003 2066.9185  
0.0000 2068.1719  
0.0000 2069.4253  
0.0000 2070.6788  
0.0000 2071.9322  
0.0000 2073.1857  
0.0000 2074.4391  
0.0000 2075.6925  
0.0000 2076.9460  
0.0000 2078.1994  
0.0000 2079.4528  
0.0000 2080.7063  
0.0000 2081.9597  
0.0000 2083.2132  
0.0000 2084.4666  
0.0000 2085.7200  
0.0000 2086.9735  
0.0000 2088.2269  
0.0000 2089.4803  
0.0000 2090.7338  
0.0005 2091.9872  
0.0079 2093.2407  
0.0595 2094.4941  
0.0674 2095.7475  
0.0147 2097.0010  
0.0011 2098.2544  
0.0000 2099.5078  
0.0000 2100.7613  
0.0000 2102.0147  
0.0000 2103.2682  
0.0000 2104.5216  
0.0000 2105.7750  
0.0000 2107.0285  
0.0000 2108.2819  
0.0000 2109.5353  
0.0003 2110.7888  
0.0000 2112.0422  
0.0000 2113.2957  
0.0000 2114.5491  
0.0003 2115.8025  
0.0000 2117.0560  
0.0000 2118.3094  
0.0003 2119.5628  
0.0000 2120.8163  
0.0000 2122.0697  
0.0000 2123.3232  
0.0000 2124.5766  
0.0000 2125.8300  
0.0000 2127.0835  
0.0000 2128.3369  
0.0000 2129.5903  
0.0000 2130.8438  
0.0000 2132.0972  
0.0000 2133.3507  
0.0000 2134.6041  
0.0003 2135.8575  
0.0000 2137.1110  
0.0000 2138.3644  
0.0000 2139.6178  
0.0000 2140.8713  
0.0000 2142.1247  
0.0000 2143.3782  
0.0000 2144.6316  
0.0003 2145.8850  
0.0000 2147.1385  
0.0000 2148.3919  
0.0000 2149.6453  
0.0000 2150.8988  
0.0000 2152.1522  
0.0000 2153.4057  
0.0000 2154.6591  
0.0000 2155.9125  
0.0000 2157.1660  
0.0000 2158.4194  
0.0000 2159.6728  
0.0000 2160.9263  
0.0000 2162.1797  
0.0000 2163.4332  
0.0000 2164.6866  
0.0000 2165.9400  
0.0003 2167.1935  
0.0000 2168.4469  
0.0000 2169.7003  
0.0000 2170.9538  
0.0000 2172.2072  
0.0000 2173.4607  
0.0000 2174.7141  
0.0000 2175.9675  
0.0000 2177.2210  
0.0000 2178.4744  
0.0000 2179.7278  
0.0000 2180.9813  
0.0000 2182.2347  
0.0000 2183.4882  
0.0000 2184.7416  
0.0000 2185.9950  
0.0000 2187.2485  
0.0000 2188.5019  
0.0000 2189.7553  
0.0000 2191.0088  
0.0000 2192.2622  
0.0000 2193.5157  
0.0000 2194.7691  
0.0000 2196.0225  
0.0000 2197.2760  
0.0000 2198.5294  
0.0000 2199.7828  
0.0000 2201.0363  
0.0000 2202.2897  
0.0000 2203.5432  
0.0000 2204.7966  
0.0000 2206.0500  
0.0000 2207.3035  
0.0000 2208.5569  
0.0000 2209.8103  
0.0000 2211.0638  
0.0000 2212.3172  
0.0000 2213.5707  
0.0000 2214.8241  
0.0000 2216.0775  
0.0000 2217.3310  
0.0000 2218.5844  
0.0000 2219.8378  
0.0000 2221.0913  
0.0000 2222.3447  
0.0000 2223.5982  
0.0000 2224.8516  
0.0000 2226.1050  
0.0000 2227.3585  
0.0000 2228.6119  
0.0000 2229.8653  
0.0000 2231.1188  
0.0000 2232.3722  
0.0000 2233.6257  
0.0000 2234.8791  
0.0000 2236.1325  
0.0000 2237.3860  
0.0000 2238.6394  
0.0000 2239.8928  
0.0000 2241.1463  
0.0000 2242.3997  
0.0000 2243.6532  
0.0000 2244.9066  
0.0000 2246.1600  
0.0000 2247.4135  
0.0000 2248.6669  
0.0000 2249.9203  
0.0000 2251.1738  
0.0000 2252.4272  
0.0000 2253.6807  
0.0000 2254.9341  
0.0000 2256.1875  
0.0000 2257.4410  
0.0000 2258.6944  
0.0000 2259.9478  
0.0000 2261.2013  
0.0000 2262.4547  
0.0000 2263.7082  
0.0000 2264.9616  
0.0003 2266.2150  
0.0000 2267.4685  
0.0000 2268.7219  
0.0000 2269.9753  
0.0000 2271.2288  
0.0000 2272.4822  
0.0000 2273.7357  
0.0000 2274.9891  
0.0000 2276.2425  
0.0000 2277.4960  
0.0000 2278.7494  
0.0000 2280.0028  
0.0000 2281.2563  
0.0000 2282.5097  
0.0000 2283.7632  
0.0000 2285.0166  
0.0000 2286.2700  
0.0000 2287.5235  
0.0000 2288.7769  
0.0000 2290.0303  
0.0000 2291.2838  
0.0000 2292.5372  
0.0000 2293.7907  
0.0000 2295.0441  
0.0000 2296.2975  
0.0000 2297.5510  
0.0000 2298.8044  
0.0000 2300.0578  
0.0000 2301.3113  
0.0000 2302.5647  
0.0000 2303.8182  
0.0000 2305.0716  
0.0000 2306.3250  
0.0000 2307.5785  
0.0000 2308.8319  
0.0000 2310.0853  
0.0000 2311.3388  
0.0000 2312.5922  
0.0000 2313.8457  
0.0000 2315.0991  
0.0000 2316.3525  
0.0000 2317.6060  
0.0000 2318.8594  
0.0000 2320.1128  
0.0000 2321.3663  
0.0000 2322.6197  
0.0000 2323.8732  
0.0000 2325.1266  
0.0000 2326.3800  
0.0000 2327.6335  
0.0000 2328.8869  
0.0000 2330.1403  
0.0000 2331.3938  
0.0000 2332.6472  
0.0000 2333.9007  
0.0000 2335.1541  
0.0000 2336.4075  
0.0000 2337.6610  
0.0000 2338.9144  
0.0000 2340.1678  
0.0000 2341.4213  
0.0000 2342.6747  
0.0000 2343.9282  
0.0000 2345.1816  
0.0000 2346.4350  
0.0000 2347.6885  
0.0000 2348.9419  
0.0000 2350.1953  
0.0000 2351.4488  
0.0000 2352.7022  
0.0000 2353.9557  
0.0000 2355.2091  
0.0000 2356.4625  
0.0000 2357.7160  
0.0000 2358.9694  
0.0000 2360.2228  
0.0000 2361.4763  
0.0000 2362.7297  
0.0000 2363.9832  
0.0000 2365.2366  
0.0000 2366.4900  
0.0000 2367.7435  
0.0000 2368.9969  
0.0000 2370.2503  
0.0000 2371.5038  
0.0000 2372.7572  
0.0000 2374.0107  
0.0000 2375.2641  
0.0003 2376.5175  
0.0000 2377.7710  
0.0000 2379.0244  
0.0000 2380.2778  
0.0000 2381.5313  
0.0000 2382.7847  
0.0000 2384.0382  
0.0000 2385.2916  
0.0000 2386.5450  
0.0000 2387.7985  
0.0000 2389.0519  
0.0000 2390.3053  
0.0000 2391.5588  
0.0000 2392.8122  
0.0000 2394.0657  
0.0000 2395.3191  
0.0000 2396.5725  
0.0003 2397.8260  
0.0000 2399.0794  
0.0000 2400.3328  
0.0000 2401.5863  
0.0000 2402.8397  
0.0000 2404.0932  
0.0000 2405.3466  
0.0000 2406.6000  
0.0000 2407.8535  
0.0000 2409.1069  
0.0000 2410.3603  
0.0000 2411.6138  
0.0000 2412.8672  
0.0000 2414.1207  
0.0000 2415.3741  
0.0000 2416.6275  
0.0000 2417.8810  
0.0000 2419.1344  
0.0000 2420.3878  
0.0000 2421.6413  
0.0000 2422.8947  
0.0000 2424.1482  
0.0000 2425.4016  
0.0000 2426.6550  
0.0000 2427.9085  
0.0000 2429.1619  
0.0000 2430.4153  
0.0000 2431.6688  
0.0000 2432.9222  
0.0000 2434.1757  
0.0000 2435.4291  
0.0000 2436.6825  
0.0000 2437.9360  
0.0000 2439.1894  
0.0000 2440.4428  
0.0000 2441.6963  
0.0000 2442.9497  
0.0000 2444.2032  
0.0000 2445.4566  
0.0000 2446.7100  
0.0000 2447.9635  
0.0000 2449.2169  
0.0000 2450.4703  
0.0000 2451.7238  
0.0000 2452.9772  
0.0000 2454.2307  
0.0000 2455.4841  
0.0000 2456.7375  
0.0000 2457.9910  
0.0000 2459.2444  
0.0000 2460.4978  
0.0000 2461.7513  
0.0000 2463.0047  
0.0000 2464.2582  
0.0003 2465.5116  
0.0000 2466.7650  
0.0003 2468.0185  
0.0000 2469.2719  
0.0000 2470.5254  
0.0000 2471.7788  
0.0000 2473.0322  
0.0000 2474.2857  
0.0000 2475.5391  
0.0000 2476.7925  
0.0000 2478.0460  
0.0000 2479.2994  
0.0000 2480.5529  
0.0000 2481.8063  
0.0000 2483.0597  
0.0000 2484.3132  
0.0000 2485.5666  
0.0000 2486.8200  
0.0000 2488.0735  
0.0000 2489.3269  
0.0000 2490.5804  
0.0000 2491.8338  
0.0000 2493.0872  
0.0000 2494.3407  
0.0000 2495.5941  
0.0000 2496.8475  
0.0000 2498.1010  
0.0000 2499.3544  
0.0000 2500.6079  
0.0000 2501.8613  
0.0000 2503.1147  
0.0000 2504.3682  
0.0000 2505.6216  
0.0003 2506.8750  
0.0000 2508.1285  
0.0000 2509.3819  
0.0000 2510.6354  
0.0000 2511.8888  
0.0000 2513.1422  
0.0000 2514.3957  
0.0000 2515.6491  
0.0000 2516.9025  
0.0000 2518.1560  
0.0000 2519.4094  
0.0000 2520.6629  
0.0000 2521.9163  
0.0000 2523.1697  
0.0000 2524.4232  
0.0000 2525.6766  
0.0000 2526.9300  
0.0000 2528.1835  
0.0000 2529.4369  
0.0000 2530.6904  
0.0000 2531.9438  
0.0000 2533.1972  
0.0000 2534.4507  
0.0000 2535.7041  
0.0000 2536.9575  
0.0003 2538.2110  
0.0000 2539.4644  
0.0003 2540.7179  
0.0000 2541.9713  
0.0000 2543.2247  
0.0003 2544.4782  
0.0000 2545.7316  
0.0000 2546.9850  
0.0000 2548.2385  
0.0000 2549.4919  
0.0000 2550.7454  
0.0000 2551.9988  
0.0003 2553.2522  
0.0000 2554.5057  
0.0003 2555.7591  
0.0005 2557.0125  
0.0003 2558.2660  
0.0000 2559.5194  
0.0000 2560.7729  
0.0000 2562.0263  
0.0000 2563.2797  
0.0000 2564.5332  
0.0000 2565.7866  
0.0000 2567.0400  
0.0000 2568.2935  
0.0000 2569.5469  
0.0000 2570.8004  
0.0000 2572.0538  
0.0000 2573.3072  
0.0000 2574.5607  
0.0000 2575.8141  
0.0005 2577.0675  
0.0003 2578.3210  
0.0000 2579.5744  
0.0000 2580.8279  
0.0003 2582.0813  
0.0000 2583.3347  
0.0000 2584.5882  
0.0000 2585.8416  
0.0000 2587.0950  
0.0000 2588.3485  
0.0000 2589.6019  
0.0003 2590.8554  
0.0000 2592.1088  
0.0000 2593.3622  
0.0000 2594.6157  
0.0000 2595.8691  
0.0000 2597.1225  
0.0003 2598.3760  
0.0000 2599.6294  
0.0000 2600.8829  
0.0000 2602.1363  
0.0000 2603.3897  
0.0000 2604.6432  
0.0000 2605.8966  
0.0000 2607.1500  
0.0000 2608.4035  
0.0000 2609.6569  
0.0000 2610.9104  
0.0000 2612.1638  
0.0000 2613.4172  
0.0000 2614.6707  
0.0000 2615.9241  
0.0000 2617.1775  
0.0000 2618.4310  
0.0000 2619.6844  
0.0000 2620.9379  
0.0003 2622.1913  
0.0000 2623.4447  
0.0000 2624.6982  
0.0000 2625.9516  
0.0000 2627.2050  
0.0000 2628.4585  
0.0000 2629.7119  
0.0000 2630.9654  
0.0000 2632.2188  
0.0000 2633.4722  
0.0000 2634.7257  
0.0000 2635.9791  
0.0000 2637.2325  
0.0000 2638.4860  
0.0000 2639.7394  
0.0000 2640.9929  
0.0000 2642.2463  
0.0000 2643.4997  
0.0000 2644.7532  
0.0000 2646.0066  
0.0000 2647.2600  
0.0000 2648.5135  
0.0000 2649.7669  
0.0000 2651.0204  
0.0000 2652.2738  
0.0000 2653.5272  
0.0000 2654.7807  
0.0000 2656.0341  
0.0000 2657.2875  
0.0000 2658.5410  
0.0000 2659.7944  
0.0000 2661.0479  
0.0000 2662.3013  
0.0000 2663.5547  
0.0000 2664.8082  
0.0003 2666.0616  
0.0003 2667.3150  
0.0003 2668.5685  
0.0000 2669.8219  
0.0000 2671.0754  
0.0000 2672.3288  
0.0000 2673.5822  
0.0000 2674.8357  
0.0000 2676.0891  
0.0000 2677.3425  
0.0000 2678.5960  
0.0000 2679.8494  
0.0000 2681.1029  
0.0000 2682.3563  
0.0000 2683.6097  
0.0000 2684.8632  
0.0000 2686.1166  
0.0000 2687.3700  
0.0000 2688.6235  
0.0000 2689.8769  
0.0000 2691.1304  
0.0000 2692.3838  
0.0000 2693.6372  
0.0000 2694.8907  
0.0000 2696.1441  
0.0000 2697.3975  
0.0000 2698.6510  
0.0000 2699.9044  
0.0000 2701.1579  
0.0000 2702.4113  
0.0000 2703.6647  
0.0000 2704.9182  
0.0000 2706.1716  
0.0000 2707.4250  
0.0000 2708.6785  
0.0000 2709.9319  
0.0000 2711.1854  
0.0000 2712.4388  
0.0000 2713.6922  
0.0000 2714.9457  
0.0000 2716.1991  
0.0000 2717.4525  
0.0000 2718.7060  
0.0000 2719.9594  
0.0000 2721.2129  
0.0000 2722.4663  
0.0000 2723.7197  
0.0000 2724.9732  
0.0000 2726.2266  
0.0000 2727.4800  
0.0000 2728.7335  
0.0000 2729.9869  
0.0000 2731.2404  
0.0000 2732.4938  
0.0000 2733.7472  
0.0000 2735.0007  
0.0003 2736.2541  
0.0000 2737.5075  
0.0000 2738.7610  
0.0000 2740.0144  
0.0000 2741.2679  
0.0000 2742.5213  
0.0000 2743.7747  
0.0000 2745.0282  
0.0000 2746.2816  
0.0000 2747.5350  
0.0000 2748.7885  
0.0000 2750.0419  
0.0000 2751.2954  
0.0000 2752.5488  
0.0000 2753.8022  
0.0000 2755.0557  
0.0000 2756.3091  
0.0003 2757.5625  
0.0000 2758.8160  
0.0000 2760.0694  
0.0000 2761.3229  
0.0000 2762.5763  
0.0000 2763.8297  
0.0000 2765.0832  
0.0000 2766.3366  
0.0000 2767.5900  
0.0000 2768.8435  
0.0000 2770.0969  
0.0000 2771.3504  
0.0000 2772.6038  
0.0000 2773.8572  
0.0000 2775.1107  
0.0000 2776.3641  
0.0000 2777.6175  
0.0000 2778.8710  
0.0000 2780.1244  
0.0000 2781.3779  
0.0000 2782.6313  
0.0000 2783.8847  
0.0000 2785.1382  
0.0000 2786.3916  
0.0000 2787.6450  
0.0000 2788.8985  
0.0000 2790.1519  
0.0000 2791.4054  
0.0000 2792.6588  
0.0000 2793.9122  
0.0000 2795.1657  
0.0000 2796.4191  
0.0000 2797.6725  
0.0000 2798.9260  
0.0000 2800.1794  
0.0000 2801.4329  
0.0000 2802.6863  
0.0000 2803.9397  
0.0000 2805.1932  
0.0000 2806.4466  
0.0000 2807.7000  
0.0000 2808.9535  
0.0000 2810.2069  
0.0000 2811.4604  
0.0000 2812.7138  
0.0000 2813.9672  
0.0000 2815.2207  
0.0000 2816.4741  
0.0000 2817.7275  
0.0000 2818.9810  
0.0000 2820.2344  
0.0000 2821.4879  
0.0000 2822.7413  
0.0000 2823.9947  
0.0000 2825.2482  
0.0000 2826.5016  
0.0000 2827.7550  
0.0000 2829.0085  
0.0000 2830.2619  
0.0000 2831.5154  
0.0000 2832.7688  
0.0000 2834.0222  
0.0000 2835.2757  
0.0000 2836.5291  
0.0000 2837.7825  
0.0000 2839.0360  
0.0000 2840.2894  
0.0000 2841.5429  
0.0000 2842.7963  
0.0000 2844.0497  
0.0000 2845.3032  
0.0000 2846.5566  
0.0000 2847.8100  
0.0000 2849.0635  
0.0000 2850.3169  
0.0000 2851.5704  
0.0000 2852.8238  
0.0000 2854.0772  
0.0000 2855.3307  
0.0000 2856.5841  
0.0000 2857.8375  
0.0000 2859.0910  
0.0000 2860.3444  
0.0000 2861.5979  
0.0000 2862.8513  
0.0000 2864.1047  
0.0000 2865.3582  
0.0000 2866.6116  
0.0003 2867.8650  
0.0000 2869.1185  
0.0000 2870.3719  
0.0000 2871.6254  
0.0000 2872.8788  
0.0000 2874.1322  
0.0000 2875.3857  
0.0000 2876.6391  
0.0000 2877.8925  
0.0000 2879.1460  
0.0000 2880.3994  
0.0000 2881.6529  
0.0000 2882.9063  
0.0000 2884.1597  
0.0000 2885.4132  
0.0000 2886.6666  
0.0000 2887.9200  
0.0000 2889.1735  
0.0000 2890.4269  
0.0000 2891.6804  
0.0000 2892.9338  
0.0000 2894.1872  
0.0000 2895.4407  
0.0000 2896.6941  
0.0000 2897.9475  
0.0000 2899.2010  
0.0000 2900.4544  
0.0000 2901.7079  
0.0000 2902.9613  
0.0000 2904.2147  
0.0000 2905.4682  
0.0000 2906.7216  
0.0000 2907.9750  
0.0000 2909.2285  
0.0000 2910.4819  
0.0000 2911.7354  
0.0000 2912.9888  
0.0000 2914.2422  
0.0000 2915.4957  
0.0000 2916.7491  
0.0000 2918.0025  
0.0000 2919.2560  
0.0000 2920.5094  
0.0000 2921.7629  
0.0000 2923.0163  
0.0000 2924.2697  
0.0000 2925.5232  
0.0003 2926.7766  
0.0000 2928.0300  
0.0000 2929.2835  
0.0000 2930.5369  
0.0000 2931.7904  
0.0000 2933.0438  
0.0000 2934.2972  
0.0000 2935.5507  
0.0000 2936.8041  
0.0000 2938.0575  
0.0000 2939.3110  
0.0000 2940.5644  
0.0000 2941.8179  
0.0000 2943.0713  
0.0000 2944.3247  
0.0000 2945.5782  
0.0000 2946.8316  
0.0000 2948.0850  
0.0000 2949.3385  
0.0000 2950.5919  
0.0000 2951.8454  
0.0000 2953.0988  
0.0000 2954.3522  
0.0000 2955.6057  
0.0000 2956.8591  
0.0000 2958.1125  
0.0000 2959.3660  
0.0008 2960.6194  
0.0019 2961.8729  
0.0000 2963.1263  
0.0000 2964.3797  
0.0000 2965.6332  
0.0003 2966.8866  
0.0000 2968.1400  
0.0000 2969.3935  
0.0000 2970.6469  
0.0000 2971.9004  
0.0000 2973.1538  
0.0000 2974.4072  
0.0000 2975.6607  
0.0000 2976.9141  
0.0000 2978.1675  
0.0000 2979.4210  
0.0000 2980.6744  
0.0000 2981.9279  
0.0000 2983.1813  
0.0000 2984.4347  
0.0000 2985.6882  
0.0000 2986.9416  
0.0000 2988.1950  
0.0000 2989.4485  
0.0000 2990.7019  
0.0000 2991.9554  
0.0000 2993.2088  
0.0000 2994.4622  
0.0000 2995.7157  
0.0003 2996.9691  
0.0003 2998.2225  
0.0000 2999.4760  
0.0000 3000.7294  
0.0000 3001.9829  
0.0000 3003.2363  
0.0000 3004.4897  
0.0000 3005.7432  
0.0000 3006.9966  
0.0000 3008.2500  
0.0000 3009.5035  
0.0003 3010.7569  
0.0000 3012.0104  
0.0000 3013.2638  
0.0003 3014.5172  
0.0000 3015.7707  
0.0000 3017.0241  
0.0003 3018.2775  
0.0000 3019.5310  
0.0000 3020.7844  
0.0000 3022.0379  
0.0003 3023.2913  
0.0000 3024.5447  
0.0000 3025.7982  
0.0000 3027.0516  
0.0000 3028.3050  
0.0000 3029.5585  
0.0000 3030.8119  
0.0000 3032.0654  
0.0000 3033.3188  
0.0000 3034.5722  
0.0000 3035.8257  
0.0000 3037.0791  
0.0014 3038.3325  
0.0005 3039.5860  
0.0005 3040.8394  
0.0000 3042.0929  
0.0000 3043.3463  
0.0000 3044.5997  
0.0000 3045.8532  
0.0000 3047.1066  
0.0000 3048.3600  
0.0000 3049.6135  
0.0000 3050.8669  
0.0000 3052.1204  
0.0000 3053.3738  
0.0000 3054.6272  
0.0000 3055.8807  
0.0000 3057.1341  
0.0000 3058.3875  
0.0000 3059.6410  
0.0000 3060.8944  
0.0000 3062.1479  
0.0000 3063.4013  
0.0000 3064.6547  
0.0000 3065.9082  
0.0000 3067.1616  
0.0000 3068.4150  
0.0000 3069.6685  
0.0000 3070.9219  
0.0000 3072.1754  
0.0000 3073.4288  
0.0000 3074.6822  
0.0000 3075.9357  
0.0000 3077.1891  
0.0000 3078.4425  
0.0000 3079.6960  
0.0000 3080.9494  
0.0000 3082.2029  
0.0000 3083.4563  
0.0000 3084.7097  
0.0000 3085.9632  
0.0000 3087.2166  
0.0000 3088.4700  
0.0000 3089.7235  
0.0000 3090.9769  
0.0000 3092.2304  
0.0000 3093.4838  
0.0000 3094.7372  
0.0000 3095.9907  
0.0000 3097.2441  
0.0000 3098.4975  
0.0000 3099.7510  
0.0000 3101.0044  
0.0000 3102.2579  
0.0000 3103.5113  
0.0000 3104.7647  
0.0000 3106.0182  
0.0000 3107.2716  
0.0000 3108.5250  
0.0000 3109.7785  
0.0000 3111.0319  
0.0000 3112.2854  
0.0000 3113.5388  
0.0000 3114.7922  
0.0000 3116.0457  
0.0000 3117.2991  
0.0000 3118.5525  
0.0000 3119.8060  
0.0000 3121.0594  
0.0000 3122.3129  
0.0000 3123.5663  
0.0000 3124.8197  
0.0000 3126.0732  
0.0000 3127.3266  
0.0000 3128.5800  
0.0000 3129.8335  
0.0000 3131.0869  
0.0000 3132.3404  
0.0000 3133.5938  
0.0000 3134.8472  
0.0000 3136.1007  
0.0000 3137.3541  
0.0000 3138.6075  
0.0000 3139.8610  
0.0000 3141.1144  
0.0000 3142.3679  
0.0000 3143.6213  
0.0000 3144.8747  
0.0000 3146.1282  
0.0000 3147.3816  
0.0003 3148.6350  
0.0003 3149.8885  
0.0000 3151.1419  
0.0000 3152.3954  
0.0003 3153.6488  
0.0000 3154.9022  
0.0000 3156.1557  
0.0000 3157.4091  
0.0003 3158.6625  
0.0003 3159.9160  
0.0003 3161.1694  
0.0000 3162.4229  
0.0000 3163.6763  
0.0000 3164.9297  
0.0000 3166.1832  
0.0000 3167.4366  
0.0000 3168.6900  
0.0000 3169.9435  
0.0000 3171.1969  
0.0000 3172.4504  
0.0000 3173.7038  
0.0000 3174.9572  
0.0000 3176.2107  
0.0000 3177.4641  
0.0000 3178.7175  
0.0000 3179.9710  
0.0000 3181.2244  
0.0000 3182.4779  
0.0000 3183.7313  
0.0000 3184.9847  
0.0000 3186.2382  
0.0000 3187.4916  
0.0000 3188.7450  
0.0000 3189.9985  
0.0000 3191.2519  
0.0000 3192.5054  
0.0000 3193.7588  
0.0000 3195.0122  
0.0000 3196.2657  
0.0000 3197.5191  
0.0000 3198.7725  
0.0000 3200.0260  
0.0000 3201.2794  
0.0000 3202.5329  
0.0000 3203.7863  
0.0000 3205.0397  
0.0000 3206.2932  
0.0000 3207.5466  
0.0003 3208.8000  
0.0000 3210.0535  
0.0000 3211.3069  
0.0000 3212.5604  
0.0000 3213.8138  
0.0000 3215.0672  
0.0000 3216.3207  
0.0000 3217.5741  
0.0000 3218.8275  
0.0000 3220.0810  
0.0000 3221.3344  
0.0000 3222.5879  
0.0000 3223.8413  
0.0000 3225.0947  
0.0000 3226.3482  
0.0000 3227.6016  
0.0000 3228.8550  
0.0000 3230.1085  
0.0000 3231.3619  
0.0003 3232.6154  
0.0000 3233.8688  
0.0000 3235.1222  
0.0000 3236.3757  
0.0000 3237.6291  
0.0000 3238.8825  
0.0000 3240.1360  
0.0000 3241.3894  
0.0000 3242.6429  
0.0000 3243.8963  
0.0000 3245.1497  
0.0000 3246.4032  
0.0000 3247.6566  
0.0000 3248.9100  
0.0000 3250.1635  
0.0000 3251.4169  
0.0000 3252.6704  
0.0000 3253.9238  
0.0000 3255.1772  
0.0000 3256.4307  
0.0003 3257.6841  
0.0003 3258.9375  
0.0003 3260.1910  
0.0003 3261.4444  
0.0003 3262.6979  
0.0003 3263.9513  
0.0003 3265.2047  
0.0005 3266.4582  
0.0003 3267.7116  
0.0003 3268.9650  
0.0003 3270.2185  
0.0003 3271.4719  
0.0000 3272.7254  
0.0000 3273.9788  
0.0000 3275.2322  
0.0000 3276.4857  
0.0000 3277.7391  
0.0000 3278.9925  
0.0000 3280.2460  
0.0000 3281.4994  
0.0000 3282.7529  
0.0000 3284.0063  
0.0000 3285.2597  
0.0000 3286.5132  
0.0000 3287.7666  
0.0000 3289.0201  
0.0000 3290.2735  
0.0000 3291.5269  
0.0000 3292.7804  
0.0000 3294.0338  
0.0000 3295.2872  
0.0000 3296.5407  
0.0000 3297.7941  
0.0000 3299.0476  
0.0000 3300.3010  
0.0000 3301.5544  
0.0000 3302.8079  
0.0000 3304.0613  
0.0000 3305.3147  
0.0000 3306.5682  
0.0000 3307.8216  
0.0000 3309.0751  
0.0000 3310.3285  
0.0000 3311.5819  
0.0000 3312.8354  
0.0000 3314.0888  
0.0000 3315.3422  
0.0000 3316.5957  
0.0000 3317.8491  
0.0000 3319.1026  
0.0000 3320.3560  
0.0000 3321.6094  
0.0000 3322.8629  
0.0000 3324.1163  
0.0000 3325.3697  
0.0000 3326.6232  
0.0003 3327.8766  
0.0000 3329.1301  
0.0003 3330.3835  
0.0000 3331.6369  
0.0003 3332.8904  
0.0000 3334.1438  
0.0000 3335.3972  
0.0000 3336.6507  
0.0000 3337.9041  
0.0000 3339.1576  
0.0000 3340.4110  
0.0000 3341.6644  
0.0000 3342.9179  
0.0003 3344.1713  
0.0000 3345.4247  
0.0000 3346.6782  
0.0003 3347.9316  
0.0000 3349.1851  
0.0003 3350.4385  
0.0000 3351.6919  
0.0000 3352.9454  
0.0000 3354.1988  
0.0003 3355.4522  
0.0000 3356.7057  
0.0000 3357.9591  
0.0000 3359.2126  
0.0000 3360.4660  
0.0000 3361.7194  
0.0000 3362.9729  
0.0000 3364.2263  
0.0000 3365.4797  
0.0000 3366.7332  
0.0000 3367.9866  
0.0000 3369.2401  
0.0000 3370.4935  
0.0000 3371.7469  
0.0000 3373.0004  
0.0000 3374.2538  
0.0000 3375.5072  
0.0000 3376.7607  
0.0000 3378.0141  
0.0000 3379.2676  
0.0003 3380.5210  
0.0000 3381.7744  
0.0000 3383.0279  
0.0000 3384.2813  
0.0000 3385.5347  
0.0000 3386.7882  
0.0000 3388.0416  
0.0000 3389.2951  
0.0000 3390.5485  
0.0000 3391.8019  
0.0000 3393.0554  
0.0000 3394.3088  
0.0000 3395.5622  
0.0000 3396.8157  
0.0000 3398.0691  
0.0003 3399.3226  
0.0000 3400.5760  
0.0000 3401.8294  
0.0000 3403.0829  
0.0000 3404.3363  
0.0003 3405.5897  
0.0000 3406.8432  
0.0000 3408.0966  
0.0000 3409.3501  
0.0003 3410.6035  
0.0003 3411.8569  
0.0000 3413.1104  
0.0003 3414.3638  
0.0000 3415.6172  
0.0000 3416.8707  
0.0000 3418.1241  
0.0000 3419.3776  
0.0000 3420.6310  
0.0000 3421.8844  
0.0000 3423.1379  
0.0000 3424.3913  
0.0000 3425.6447  
0.0000 3426.8982  
0.0000 3428.1516  
0.0000 3429.4051  
0.0000 3430.6585  
0.0000 3431.9119  
0.0000 3433.1654  
0.0000 3434.4188  
0.0000 3435.6722  
0.0000 3436.9257  
0.0000 3438.1791  
0.0000 3439.4326  
0.0000 3440.6860  
0.0000 3441.9394  
0.0000 3443.1929  
0.0000 3444.4463  
0.0000 3445.6997  
0.0000 3446.9532  
0.0000 3448.2066  
0.0000 3449.4601  
0.0003 3450.7135  
0.0000 3451.9669  
0.0000 3453.2204  
0.0000 3454.4738  
0.0000 3455.7272  
0.0000 3456.9807  
0.0000 3458.2341  
0.0000 3459.4876  
0.0000 3460.7410  
0.0000 3461.9944  
0.0000 3463.2479  
0.0000 3464.5013  
0.0000 3465.7547  
0.0000 3467.0082  
0.0000 3468.2616  
0.0000 3469.5151  
0.0000 3470.7685  
0.0000 3472.0219  
0.0000 3473.2754  
0.0000 3474.5288  
0.0000 3475.7822  
0.0000 3477.0357  
0.0000 3478.2891  
0.0000 3479.5426  
0.0000 3480.7960  
0.0000 3482.0494  
0.0000 3483.3029  
0.0000 3484.5563  
0.0000 3485.8097  
0.0000 3487.0632  
0.0000 3488.3166  
0.0000 3489.5701  
0.0008 3490.8235  
0.0022 3492.0769  
0.0008 3493.3304  
0.0000 3494.5838  
0.0000 3495.8372  
0.0000 3497.0907  
0.0000 3498.3441  
0.0000 3499.5976  
0.0000 3500.8510  
0.0000 3502.1044  
0.0000 3503.3579  
0.0000 3504.6113  
0.0000 3505.8647  
0.0000 3507.1182  
0.0000 3508.3716  
0.0000 3509.6251  
0.0000 3510.8785  
0.0000 3512.1319  
0.0000 3513.3854  
0.0000 3514.6388  
0.0000 3515.8922  
0.0000 3517.1457  
0.0000 3518.3991  
0.0000 3519.6526  
0.0000 3520.9060  
0.0000 3522.1594  
0.0000 3523.4129  
0.0000 3524.6663  
0.0000 3525.9197  
0.0000 3527.1732  
0.0000 3528.4266  
0.0000 3529.6801  
0.0000 3530.9335  
0.0000 3532.1869  
0.0000 3533.4404  
0.0000 3534.6938  
0.0000 3535.9472  
0.0000 3537.2007  
0.0000 3538.4541  
0.0000 3539.7076  
0.0000 3540.9610  
0.0000 3542.2144  
0.0000 3543.4679  
0.0000 3544.7213  
0.0000 3545.9747  
0.0000 3547.2282  
0.0000 3548.4816  
0.0000 3549.7351  
0.0000 3550.9885  
0.0000 3552.2419  
0.0000 3553.4954  
0.0000 3554.7488  
0.0000 3556.0022  
0.0000 3557.2557  
0.0000 3558.5091  
0.0000 3559.7626  
0.0000 3561.0160  
0.0000 3562.2694  
0.0000 3563.5229  
0.0000 3564.7763  
0.0000 3566.0297  
0.0000 3567.2832  
0.0000 3568.5366  
0.0000 3569.7901  
0.0000 3571.0435  
0.0000 3572.2969  
0.0000 3573.5504  
0.0000 3574.8038  
0.0000 3576.0572  
0.0000 3577.3107  
0.0000 3578.5641  
0.0000 3579.8176  
0.0000 3581.0710  
0.0000 3582.3244  
0.0000 3583.5779  
0.0000 3584.8313  
0.0000 3586.0847  
0.0000 3587.3382  
0.0000 3588.5916  
0.0000 3589.8451  
0.0000 3591.0985  
0.0000 3592.3519  
0.0000 3593.6054  
0.0000 3594.8588  
0.0000 3596.1122  
0.0000 3597.3657  
0.0000 3598.6191  
0.0000 3599.8726  
0.0000 3601.1260  
0.0000 3602.3794  
0.0000 3603.6329  
0.0000 3604.8863  
0.0000 3606.1397  
0.0000 3607.3932  
0.0000 3608.6466  
0.0000 3609.9001  
0.0000 3611.1535  
0.0000 3612.4069  
0.0000 3613.6604  
0.0000 3614.9138  
0.0000 3616.1672  
0.0000 3617.4207  
0.0000 3618.6741  
0.0000 3619.9276  
0.0000 3621.1810  
0.0000 3622.4344  
0.0000 3623.6879  
0.0000 3624.9413  
0.0000 3626.1947  
0.0000 3627.4482  
0.0000 3628.7016  
0.0000 3629.9551  
0.0000 3631.2085  
0.0000 3632.4619  
0.0000 3633.7154  
0.0000 3634.9688  
0.0000 3636.2222  
0.0000 3637.4757  
0.0000 3638.7291  
0.0000 3639.9826  
0.0000 3641.2360  
0.0000 3642.4894  
0.0000 3643.7429  
0.0000 3644.9963  
0.0000 3646.2497  
0.0000 3647.5032  
0.0000 3648.7566  
0.0000 3650.0101  
0.0000 3651.2635  
0.0000 3652.5169  
0.0000 3653.7704  
0.0000 3655.0238  
0.0000 3656.2772  
0.0000 3657.5307  
0.0000 3658.7841  
0.0003 3660.0376  
0.0000 3661.2910  
0.0000 3662.5444  
0.0000 3663.7979  
0.0000 3665.0513  
0.0000 3666.3047  
0.0000 3667.5582  
0.0000 3668.8116  
0.0000 3670.0651  
0.0000 3671.3185  
0.0000 3672.5719  
0.0000 3673.8254  
0.0000 3675.0788  
0.0000 3676.3322  
0.0000 3677.5857  
0.0000 3678.8391  
0.0000 3680.0926  
0.0003 3681.3460  
0.0000 3682.5994  
0.0000 3683.8529  
0.0000 3685.1063  
0.0000 3686.3597  
0.0000 3687.6132  
0.0000 3688.8666  
0.0000 3690.1201  
0.0000 3691.3735  
0.0000 3692.6269  
0.0000 3693.8804  
0.0000 3695.1338  
0.0000 3696.3872  
0.0000 3697.6407  
0.0000 3698.8941  
0.0000 3700.1476  
0.0000 3701.4010  
0.0000 3702.6544  
0.0000 3703.9079  
0.0000 3705.1613  
0.0000 3706.4147  
0.0000 3707.6682  
0.0000 3708.9216  
0.0000 3710.1751  
0.0000 3711.4285  
0.0000 3712.6819  
0.0000 3713.9354  
0.0000 3715.1888  
0.0000 3716.4422  
0.0000 3717.6957  
0.0000 3718.9491  
0.0000 3720.2026  
0.0000 3721.4560  
0.0000 3722.7094  
0.0000 3723.9629  
0.0000 3725.2163  
0.0000 3726.4697  
0.0000 3727.7232  
0.0000 3728.9766  
0.0000 3730.2301  
0.0000 3731.4835  
0.0000 3732.7369  
0.0000 3733.9904  
0.0000 3735.2438  
0.0000 3736.4972  
0.0000 3737.7507  
0.0000 3739.0041  
0.0000 3740.2576  
0.0000 3741.5110  
0.0000 3742.7644  
0.0000 3744.0179  
0.0000 3745.2713  
0.0000 3746.5247  
0.0000 3747.7782  
0.0000 3749.0316  
0.0000 3750.2851  
0.0000 3751.5385  
0.0000 3752.7919  
0.0000 3754.0454  
0.0000 3755.2988  
0.0000 3756.5522  
0.0000 3757.8057  
0.0000 3759.0591  
0.0000 3760.3126  
0.0000 3761.5660  
0.0000 3762.8194  
0.0000 3764.0729  
0.0000 3765.3263  
0.0000 3766.5797  
0.0000 3767.8332  
0.0000 3769.0866  
0.0000 3770.3401  
0.0000 3771.5935  
0.0000 3772.8469  
0.0000 3774.1004  
0.0000 3775.3538  
0.0000 3776.6072  
0.0000 3777.8607  
0.0000 3779.1141  
0.0000 3780.3676  
0.0000 3781.6210  
0.0000 3782.8744  
0.0000 3784.1279  
0.0000 3785.3813  
0.0000 3786.6347  
0.0000 3787.8882  
0.0000 3789.1416  
0.0000 3790.3951  
0.0000 3791.6485  
0.0000 3792.9019  
0.0000 3794.1554  
0.0000 3795.4088  
0.0000 3796.6622  
0.0000 3797.9157  
0.0000 3799.1691  
0.0000 3800.4226  
0.0000 3801.6760  
0.0000 3802.9294  
0.0000 3804.1829  
0.0000 3805.4363  
0.0000 3806.6897  
0.0000 3807.9432  
0.0000 3809.1966  
0.0000 3810.4501  
0.0000 3811.7035  
0.0000 3812.9569  
0.0000 3814.2104  
0.0000 3815.4638  
0.0000 3816.7172  
0.0000 3817.9707  
0.0000 3819.2241  
0.0000 3820.4776  
0.0000 3821.7310  
0.0000 3822.9844  
0.0000 3824.2379  
0.0000 3825.4913  
0.0000 3826.7447  
0.0000 3827.9982  
0.0000 3829.2516  
0.0000 3830.5051  
0.0000 3831.7585  
0.0000 3833.0119  
0.0000 3834.2654  
0.0000 3835.5188  
0.0000 3836.7722  
0.0000 3838.0257  
0.0000 3839.2791  
0.0000 3840.5326  
0.0000 3841.7860  
0.0000 3843.0394  
0.0000 3844.2929  
0.0000 3845.5463  
0.0000 3846.7997  
0.0000 3848.0532  
0.0000 3849.3066  
0.0000 3850.5601  
0.0000 3851.8135  
0.0000 3853.0669  
0.0000 3854.3204  
0.0000 3855.5738  
0.0000 3856.8272  
0.0000 3858.0807  
0.0000 3859.3341  
0.0000 3860.5876  
0.0000 3861.8410  
0.0000 3863.0944  
0.0000 3864.3479  
0.0000 3865.6013  
0.0000 3866.8547  
0.0000 3868.1082  
0.0000 3869.3616  
0.0000 3870.6151  
0.0000 3871.8685  
0.0000 3873.1219  
0.0000 3874.3754  
0.0000 3875.6288  
0.0000 3876.8822  
0.0000 3878.1357  
0.0000 3879.3891  
0.0000 3880.6426  
0.0000 3881.8960  
0.0000 3883.1494  
0.0000 3884.4029  
0.0000 3885.6563  
0.0000 3886.9097  
0.0000 3888.1632  
0.0000 3889.4166  
0.0000 3890.6701  
0.0000 3891.9235  
0.0000 3893.1769  
0.0000 3894.4304  
0.0000 3895.6838  
0.0000 3896.9372  
0.0000 3898.1907  
0.0000 3899.4441  
0.0000 3900.6976  
0.0000 3901.9510  
0.0000 3903.2044  
0.0000 3904.4579  
0.0000 3905.7113  
0.0000 3906.9647  
0.0000 3908.2182  
0.0000 3909.4716  
0.0000 3910.7251  
0.0000 3911.9785  
0.0000 3913.2319  
0.0000 3914.4854  
0.0000 3915.7388  
0.0000 3916.9922  
0.0000 3918.2457  
0.0000 3919.4991  
0.0000 3920.7526  
0.0000 3922.0060  
0.0000 3923.2594  
0.0000 3924.5129  
0.0000 3925.7663  
0.0000 3927.0197  
0.0000 3928.2732  
0.0000 3929.5266  
0.0000 3930.7801  
0.0000 3932.0335  
0.0000 3933.2869  
0.0000 3934.5404  
0.0000 3935.7938  
0.0000 3937.0472  
0.0000 3938.3007  
0.0000 3939.5541  
0.0000 3940.8076  
0.0000 3942.0610  
0.0000 3943.3144  
0.0000 3944.5679  
0.0000 3945.8213  
0.0000 3947.0747  
0.0000 3948.3282  
0.0000 3949.5816  
0.0000 3950.8351  
0.0000 3952.0885  
0.0000 3953.3419  
0.0000 3954.5954  
0.0000 3955.8488  
0.0000 3957.1022  
0.0000 3958.3557  
0.0000 3959.6091  
0.0000 3960.8626  
0.0000 3962.1160  
0.0003 3963.3694  
0.0000 3964.6229  
0.0000 3965.8763  
0.0000 3967.1297  
0.0000 3968.3832  
0.0000 3969.6366  
0.0000 3970.8901  
0.0000 3972.1435  
0.0000 3973.3969  
0.0000 3974.6504  
0.0000 3975.9038  
0.0000 3977.1572  
0.0000 3978.4107  
0.0000 3979.6641  
0.0000 3980.9176  
0.0000 3982.1710  
0.0000 3983.4244  
0.0000 3984.6779  
0.0000 3985.9313  
0.0000 3987.1847  
0.0000 3988.4382  
0.0000 3989.6916  
0.0000 3990.9451  
0.0000 3992.1985  
0.0000 3993.4519  
0.0000 3994.7054  
0.0000 3995.9588  
0.0000 3997.2122  
0.0000 3998.4657  
0.0000 3999.7191  
0.0000 4000.9726  
0.0000 4002.2260  
0.0000 4003.4794  
0.0000 4004.7329  
0.0000 4005.9863  
0.0000 4007.2397  
0.0000 4008.4932  
0.0000 4009.7466  
