0.0000 0.0000 3200 
0.0000 0.0000 0 
0.0000 0.0000 0 
0.0000 0.0000 0 
0.0000 0.0000 4.15002 
0.0000 0.0000 50057.00000 
0.0000 0.0000 7 
0.0498 8.7741 1600 
0.0871 10.0275 0 
0.1244 11.2809 0 
0.1244 12.5344 0 
0.2178 13.7878 0 
0.2302 15.0413 0 
0.1307 16.2947 0 
0.2925 17.5481 0.000 
0.3796 18.8016  
0.2302 20.0550  
0.2302 21.3084  
0.2053 22.5619  
0.2053 23.8153  
0.1493 25.0688  
0.1058 26.3222  
0.0809 27.5756  
0.2178 28.8291  
0.4978 30.0825  
0.4854 31.3359  
0.0933 32.5894  
0.4045 33.8428  
0.3920 35.0963  
0.5289 36.3497  
0.7405 37.6031  
0.5600 38.8566  
0.4791 40.1100  
0.1369 41.3634  
0.4667 42.6169  
0.5227 43.8703  
0.4231 45.1238  
0.0436 46.3772  
0.5227 47.6306  
0.6409 48.8841  
0.8960 50.1375  
0.9520 51.3909  
0.8649 52.6444  
0.4916 53.8978  
1.0827 55.1513  
1.3067 56.4047  
0.8027 57.6581  
1.4187 58.9116  
3.6961 60.1650  
2.0285 61.4184  
0.9334 62.6719  
1.4809 63.9253  
1.4747 65.1788  
0.9023 66.4322  
1.5929 67.6856  
3.4161 68.9391  
2.1156 70.1925  
5.1584 71.4459  
4.0010 72.6994  
1.3503 73.9528  
3.0926 75.2063  
2.2090 76.4597  
2.1156 77.7131  
2.3583 78.9666  
3.4659 80.2200  
1.9725 81.4734  
0.0373 82.7269  
0.9396 83.9803  
2.2525 85.2338  
2.0907 86.4872  
1.2009 87.7406  
0.4356 88.9941  
0.2925 90.2475  
0.6782 91.5009  
0.2551 92.7544  
1.7361 94.0078  
1.6490 95.2613  
0.7778 96.5147  
0.5725 97.7681  
0.8774 99.0216  
0.2178 100.2750  
1.1138 101.5284  
0.9894 102.7819  
0.0809 104.0353  
1.0952 105.2888  
1.3192 106.5422  
0.8214 107.7956  
1.2134 109.0491  
0.7156 110.3025  
0.9894 111.5559  
0.4045 112.8094  
1.0765 114.0628  
0.9209 115.3163  
0.2427 116.5697  
0.2987 117.8231  
0.2551 119.0766  
0.5414 120.3300  
0.4231 121.5834  
0.6658 122.8369  
0.9707 124.0903  
0.6409 125.3438  
0.8151 126.5972  
0.5849 127.8506  
0.5974 129.1041  
0.5289 130.3575  
0.4854 131.6109  
0.8711 132.8644  
0.7467 134.1178  
0.4045 135.3713  
0.0560 136.6247  
0.4356 137.8781  
0.5787 139.1316  
0.6222 140.3850  
0.4854 141.6384  
0.2427 142.8919  
0.0498 144.1453  
0.1618 145.3988  
0.1618 146.6522  
0.3111 147.9056  
0.2302 149.1591  
0.2302 150.4125  
0.4729 151.6659  
0.2738 152.9194  
0.2987 154.1728  
0.4231 155.4263  
0.4169 156.6797  
0.3982 157.9331  
0.3796 159.1866  
0.1244 160.4400  
0.4854 161.6934  
0.8027 162.9469  
0.7031 164.2003  
0.4916 165.4538  
0.4293 166.7072  
0.2116 167.9606  
0.2053 169.2141  
0.4854 170.4675  
0.5351 171.7209  
0.1805 172.9744  
0.4418 174.2278  
0.5725 175.4813  
0.1680 176.7347  
0.2302 177.9881  
0.2116 179.2416  
0.4169 180.4950  
0.3422 181.7484  
0.1929 183.0019  
0.2240 184.2553  
0.2053 185.5088  
0.1493 186.7622  
0.4231 188.0156  
0.3360 189.2691  
0.3547 190.5225  
0.2053 191.7759  
0.1805 193.0294  
0.4356 194.2828  
0.4107 195.5363  
0.2240 196.7897  
0.2365 198.0431  
0.2365 199.2966  
0.1742 200.5500  
0.1307 201.8034  
0.3733 203.0569  
0.1929 204.3103  
0.4542 205.5638  
0.5102 206.8172  
0.2551 208.0706  
0.1742 209.3241  
0.1556 210.5775  
0.0187 211.8309  
0.1805 213.0844  
0.1120 214.3378  
0.4356 215.5913  
0.3236 216.8447  
0.0809 218.0981  
0.0560 219.3516  
0.2365 220.6050  
0.2178 221.8584  
0.3982 223.1119  
0.4045 224.3653  
0.0933 225.6188  
0.2053 226.8722  
0.4418 228.1256  
0.5600 229.3791  
0.3485 230.6325  
0.0187 231.8859  
0.1991 233.1394  
0.1369 234.3928  
0.0187 235.6463  
0.2987 236.8997  
0.4231 238.1531  
0.3671 239.4066  
0.1618 240.6600  
0.0684 241.9134  
0.0436 243.1669  
0.4231 244.4203  
0.5227 245.6738  
0.1742 246.9272  
0.2240 248.1806  
0.2489 249.4341  
0.1120 250.6875  
0.1431 251.9409  
0.2240 253.1944  
0.1867 254.4478  
0.0560 255.7013  
0.2489 256.9547  
0.2676 258.2081  
0.0436 259.4616  
0.3236 260.7150  
0.2116 261.9684  
0.0560 263.2219  
0.2178 264.4753  
0.2613 265.7288  
0.1991 266.9822  
0.1244 268.2356  
0.2365 269.4891  
0.1244 270.7425  
0.1369 271.9959  
0.0436 273.2494  
0.1120 274.5028  
0.1369 275.7563  
0.1618 277.0097  
0.0311 278.2631  
0.1182 279.5166  
0.0124 280.7700  
0.1182 282.0234  
0.2800 283.2769  
0.3111 284.5303  
0.1929 285.7838  
0.1929 287.0372  
0.3298 288.2906  
0.3485 289.5441  
0.2240 290.7975  
0.1929 292.0509  
0.2240 293.3044  
0.0684 294.5578  
0.0871 295.8113  
0.1244 297.0647  
0.1369 298.3181  
0.1867 299.5716  
0.1742 300.8250  
0.1244 302.0784  
0.0498 303.3319  
0.2053 304.5853  
0.1680 305.8388  
0.1742 307.0922  
0.3671 308.3456  
0.2738 309.5991  
0.1556 310.8525  
0.1431 312.1059  
0.0311 313.3594  
0.0871 314.6128  
0.0809 315.8663  
0.0684 317.1197  
0.2116 318.3731  
0.2551 319.6266  
0.2551 320.8800  
0.1991 322.1334  
0.1493 323.3869  
0.0747 324.6403  
0.1182 325.8938  
0.2427 327.1472  
0.1556 328.4006  
0.0436 329.6541  
0.0062 330.9075  
0.1120 332.1609  
0.0871 333.4144  
0.1556 334.6678  
0.1369 335.9213  
0.1244 337.1747  
0.1120 338.4281  
0.1556 339.6816  
0.2613 340.9350  
0.2302 342.1884  
0.0560 343.4419  
0.1369 344.6953  
0.1182 345.9488  
0.0871 347.2022  
0.1929 348.4556  
0.2365 349.7091  
0.1493 350.9625  
0.0933 352.2159  
0.0187 353.4694  
0.1742 354.7228  
0.0684 355.9763  
0.1369 357.2297  
0.0622 358.4831  
0.1182 359.7366  
0.0871 360.9900  
0.0124 362.2434  
0.1182 363.4969  
0.2302 364.7503  
0.1493 366.0038  
0.1493 367.2572  
0.0747 368.5106  
0.0311 369.7641  
0.0498 371.0175  
0.0498 372.2709  
0.0311 373.5244  
0.1867 374.7778  
0.1182 376.0313  
0.0498 377.2847  
0.0062 378.5381  
0.0436 379.7916  
0.0871 381.0450  
0.1058 382.2984  
0.1369 383.5519  
0.1991 384.8053  
0.1805 386.0588  
0.0187 387.3122  
0.0747 388.5656  
0.2240 389.8191  
0.3360 391.0725  
0.2551 392.3259  
0.0747 393.5794  
0.1307 394.8328  
0.1991 396.0863  
0.0622 397.3397  
0.0996 398.5931  
0.0373 399.8466  
0.1369 401.1000  
0.0622 402.3534  
0.1307 403.6069  
0.0124 404.8603  
0.0933 406.1138  
0.0933 407.3672  
0.0996 408.6206  
0.0684 409.8741  
0.1182 411.1275  
0.1493 412.3809  
0.0498 413.6344  
0.1182 414.8878  
0.0871 416.1413  
0.0684 417.3947  
0.0996 418.6481  
0.1929 419.9016  
0.0996 421.1550  
0.0996 422.4084  
0.1929 423.6619  
0.1369 424.9153  
0.2489 426.1688  
0.1680 427.4222  
0.0187 428.6756  
0.0747 429.9291  
0.0498 431.1825  
0.0747 432.4359  
0.1244 433.6894  
0.0809 434.9428  
0.0684 436.1963  
0.1867 437.4497  
0.0684 438.7031  
0.1493 439.9566  
0.2116 441.2100  
0.0436 442.4634  
0.0124 443.7169  
0.0809 444.9703  
0.0933 446.2238  
0.0249 447.4772  
0.0436 448.7306  
0.1618 449.9841  
0.1618 451.2375  
0.1307 452.4909  
0.0809 453.7444  
0.0436 454.9978  
0.1431 456.2513  
0.0062 457.5047  
0.0684 458.7581  
0.1493 460.0116  
0.0871 461.2650  
0.1182 462.5184  
0.0436 463.7719  
0.0560 465.0253  
0.0622 466.2788  
0.1244 467.5322  
0.0871 468.7856  
0.1182 470.0391  
0.1618 471.2925  
0.1618 472.5459  
0.0871 473.7994  
0.0062 475.0528  
0.0747 476.3063  
0.1805 477.5597  
0.1742 478.8131  
0.1120 480.0666  
0.0871 481.3200  
0.0809 482.5734  
0.0436 483.8269  
0.0373 485.0803  
0.0249 486.3338  
0.0124 487.5872  
0.1058 488.8406  
0.1867 490.0941  
0.1058 491.3475  
0.0373 492.6009  
0.0560 493.8544  
0.0684 495.1078  
0.1120 496.3613  
0.1182 497.6147  
0.1431 498.8681  
0.0373 500.1216  
0.0249 501.3750  
0.0498 502.6284  
0.1058 503.8819  
0.0249 505.1353  
0.0996 506.3888  
0.1805 507.6422  
0.0498 508.8956  
0.0622 510.1491  
0.0373 511.4025  
0.1058 512.6559  
0.0933 513.9094  
0.0560 515.1628  
0.0311 516.4163  
0.0124 517.6697  
0.0996 518.9231  
0.1680 520.1766  
0.1556 521.4300  
0.0498 522.6834  
0.0996 523.9369  
0.0809 525.1903  
0.0124 526.4438  
0.0124 527.6972  
0.0436 528.9506  
0.0498 530.2041  
0.0436 531.4575  
0.0436 532.7109  
0.0560 533.9644  
0.0996 535.2178  
0.0871 536.4713  
0.0747 537.7247  
0.0498 538.9781  
0.0249 540.2316  
0.0622 541.4850  
0.1307 542.7384  
0.0684 543.9919  
0.0498 545.2453  
0.0062 546.4988  
0.0062 547.7522  
0.0062 549.0056  
0.0187 550.2591  
0.0996 551.5125  
0.1307 552.7659  
0.0933 554.0194  
0.0498 555.2728  
0.0311 556.5263  
0.0187 557.7797  
0.0124 559.0331  
0.0124 560.2866  
0.0871 561.5400  
0.1493 562.7934  
0.1244 564.0469  
0.0996 565.3003  
0.1120 566.5538  
0.0933 567.8072  
0.1058 569.0606  
0.1182 570.3141  
0.0996 571.5675  
0.2427 572.8209  
0.1244 574.0744  
0.0933 575.3278  
0.1742 576.5813  
0.1680 577.8347  
0.1182 579.0881  
0.1369 580.3416  
0.1307 581.5950  
0.0311 582.8484  
0.0124 584.1019  
0.0187 585.3553  
0.0933 586.6088  
0.0747 587.8622  
0.0498 589.1156  
0.1431 590.3691  
0.1182 591.6225  
0.0622 592.8759  
0.0871 594.1294  
0.0560 595.3828  
0.0373 596.6363  
0.0498 597.8897  
0.1369 599.1431  
0.1742 600.3966  
0.1182 601.6500  
0.0000 602.9034  
0.0436 604.1569  
0.0560 605.4103  
0.0311 606.6638  
0.0560 607.9172  
0.0933 609.1706  
0.0124 610.4241  
0.0311 611.6775  
0.1307 612.9309  
0.1493 614.1844  
0.1058 615.4378  
0.0373 616.6913  
0.0622 617.9447  
0.0747 619.1981  
0.0996 620.4516  
0.1431 621.7050  
0.0996 622.9584  
0.0933 624.2119  
0.1307 625.4653  
0.0560 626.7188  
0.0747 627.9722  
0.0747 629.2256  
0.0622 630.4791  
0.0311 631.7325  
0.0249 632.9859  
0.0933 634.2394  
0.0747 635.4928  
0.0436 636.7463  
0.0249 637.9997  
0.0498 639.2531  
0.0124 640.5066  
0.0311 641.7600  
0.0684 643.0134  
0.0622 644.2669  
0.0124 645.5203  
0.0373 646.7738  
0.0684 648.0272  
0.0124 649.2806  
0.0436 650.5341  
0.0747 651.7875  
0.0187 653.0409  
0.0311 654.2944  
0.0747 655.5478  
0.0622 656.8013  
0.0062 658.0547  
0.0124 659.3081  
0.0436 660.5616  
0.0684 661.8150  
0.0498 663.0684  
0.0933 664.3219  
0.0622 665.5753  
0.0062 666.8288  
0.0062 668.0822  
0.0124 669.3356  
0.0311 670.5891  
0.0684 671.8425  
0.0809 673.0959  
0.0311 674.3494  
0.0187 675.6028  
0.0249 676.8563  
0.0871 678.1097  
0.0871 679.3631  
0.0996 680.6166  
0.1244 681.8700  
0.0871 683.1234  
0.0124 684.3769  
0.0809 685.6303  
0.1058 686.8838  
0.0684 688.1372  
0.0062 689.3906  
0.0436 690.6441  
0.0124 691.8975  
0.0560 693.1509  
0.0996 694.4044  
0.0311 695.6578  
0.0187 696.9113  
0.0436 698.1647  
0.0498 699.4181  
0.0871 700.6716  
0.0560 701.9250  
0.0498 703.1784  
0.0436 704.4319  
0.0311 705.6853  
0.0498 706.9388  
0.0684 708.1922  
0.0871 709.4456  
0.0996 710.6991  
0.0311 711.9525  
0.0560 713.2059  
0.1058 714.4594  
0.0871 715.7128  
0.0436 716.9663  
0.0684 718.2197  
0.0933 719.4731  
0.0933 720.7266  
0.0436 721.9800  
0.0124 723.2334  
0.0124 724.4869  
0.0311 725.7403  
0.0187 726.9938  
0.0498 728.2472  
0.0622 729.5006  
0.0124 730.7541  
0.0560 732.0075  
0.1120 733.2609  
0.1618 734.5144  
0.0871 735.7678  
0.0000 737.0213  
0.0436 738.2747  
0.0560 739.5281  
0.0560 740.7816  
0.0622 742.0350  
0.1058 743.2884  
0.0622 744.5419  
0.0249 745.7953  
0.0684 747.0488  
0.1058 748.3022  
0.0996 749.5556  
0.0622 750.8091  
0.0373 752.0625  
0.0809 753.3159  
0.1058 754.5694  
0.0684 755.8228  
0.0124 757.0763  
0.0498 758.3297  
0.0436 759.5831  
0.0311 760.8366  
0.0809 762.0900  
0.0809 763.3434  
0.0809 764.5969  
0.0311 765.8503  
0.0560 767.1038  
0.1182 768.3572  
0.1182 769.6106  
0.0871 770.8641  
0.0933 772.1175  
0.0809 773.3709  
0.0996 774.6244  
0.0436 775.8778  
0.0622 777.1313  
0.0373 778.3847  
0.0373 779.6381  
0.0498 780.8916  
0.0187 782.1450  
0.0498 783.3984  
0.0498 784.6519  
0.0560 785.9053  
0.0747 787.1588  
0.0871 788.4122  
0.0062 789.6656  
0.0498 790.9191  
0.0436 792.1725  
0.0560 793.4259  
0.0560 794.6794  
0.0311 795.9328  
0.0311 797.1863  
0.0622 798.4397  
0.0933 799.6931  
0.0622 800.9466  
0.0373 802.2000  
0.0373 803.4534  
0.0187 804.7069  
0.0560 805.9603  
0.0747 807.2138  
0.0809 808.4672  
0.0809 809.7206  
0.0809 810.9741  
0.0436 812.2275  
0.0560 813.4809  
0.0124 814.7344  
0.0311 815.9878  
0.0809 817.2413  
0.0436 818.4947  
0.0311 819.7481  
0.0311 821.0016  
0.0436 822.2550  
0.0560 823.5085  
0.0684 824.7619  
0.1058 826.0153  
0.1058 827.2688  
0.0311 828.5222  
0.0062 829.7756  
0.0311 831.0291  
0.0684 832.2825  
0.0062 833.5360  
0.0124 834.7894  
0.0249 836.0428  
0.0000 837.2963  
0.0249 838.5497  
0.0249 839.8031  
0.0124 841.0566  
0.0311 842.3100  
0.0249 843.5635  
0.0622 844.8169  
0.0373 846.0703  
0.0000 847.3238  
0.0373 848.5772  
0.0684 849.8306  
0.0373 851.0841  
0.0498 852.3375  
0.0436 853.5910  
0.0124 854.8444  
0.0684 856.0978  
0.0436 857.3513  
0.0311 858.6047  
0.0498 859.8581  
0.0436 861.1116  
0.0311 862.3650  
0.0560 863.6185  
0.0311 864.8719  
0.0373 866.1253  
0.0747 867.3788  
0.0373 868.6322  
0.0187 869.8856  
0.0871 871.1391  
0.1058 872.3925  
0.0747 873.6460  
0.0187 874.8994  
0.0249 876.1528  
0.0498 877.4063  
0.0622 878.6597  
0.0747 879.9131  
0.0311 881.1666  
0.0062 882.4200  
0.0622 883.6735  
0.0373 884.9269  
0.0498 886.1803  
0.0809 887.4338  
0.0436 888.6872  
0.0062 889.9406  
0.0373 891.1941  
0.0373 892.4475  
0.0249 893.7010  
0.0436 894.9544  
0.1244 896.2078  
0.6658 897.4613  
0.6285 898.7147  
0.1431 899.9681  
0.0809 901.2216  
0.0747 902.4750  
0.0373 903.7285  
0.0124 904.9819  
0.0373 906.2353  
0.0560 907.4888  
0.0373 908.7422  
0.0311 909.9956  
0.0560 911.2491  
0.0622 912.5025  
0.0747 913.7560  
0.0249 915.0094  
0.0373 916.2628  
0.0062 917.5163  
0.0311 918.7697  
0.0498 920.0231  
0.0124 921.2766  
0.0249 922.5300  
0.0187 923.7835  
0.0311 925.0369  
0.0436 926.2903  
0.0809 927.5438  
0.0871 928.7972  
0.0311 930.0506  
0.0498 931.3041  
0.0809 932.5575  
0.0747 933.8110  
0.0498 935.0644  
0.1182 936.3178  
0.0933 937.5713  
0.0436 938.8247  
0.0187 940.0781  
0.0249 941.3316  
0.0249 942.5850  
0.0622 943.8385  
0.0684 945.0919  
0.0373 946.3453  
0.0124 947.5988  
0.0747 948.8522  
0.0249 950.1056  
0.0560 951.3591  
0.0622 952.6125  
0.0311 953.8660  
0.0311 955.1194  
0.0311 956.3728  
0.0249 957.6263  
0.0373 958.8797  
0.0684 960.1331  
0.0311 961.3866  
0.0062 962.6400  
0.0249 963.8935  
0.0436 965.1469  
0.0436 966.4003  
0.0373 967.6538  
0.0498 968.9072  
0.0560 970.1606  
0.0373 971.4141  
0.0249 972.6675  
0.0498 973.9210  
0.0062 975.1744  
0.0560 976.4278  
0.0373 977.6813  
0.0062 978.9347  
0.0187 980.1881  
0.0436 981.4416  
0.0124 982.6950  
0.0684 983.9485  
0.0560 985.2019  
0.0124 986.4553  
0.0311 987.7088  
0.0436 988.9622  
0.0747 990.2156  
0.0187 991.4691  
0.0373 992.7225  
0.0187 993.9760  
0.0436 995.2294  
0.0436 996.4828  
0.0249 997.7363  
0.0187 998.9897  
0.0062 1000.2431  
0.0062 1001.4966  
0.0498 1002.7500  
0.0560 1004.0035  
0.0436 1005.2569  
0.0871 1006.5103  
0.0311 1007.7638  
0.0249 1009.0172  
0.0249 1010.2706  
0.0124 1011.5241  
0.0249 1012.7775  
0.0560 1014.0310  
0.0311 1015.2844  
0.0124 1016.5378  
0.0498 1017.7913  
0.0809 1019.0447  
0.0498 1020.2981  
0.0560 1021.5516  
0.0373 1022.8050  
0.0249 1024.0585  
0.0187 1025.3119  
0.0560 1026.5653  
0.0560 1027.8188  
0.0622 1029.0722  
0.0062 1030.3256  
0.0436 1031.5791  
0.0311 1032.8325  
0.0187 1034.0860  
0.0062 1035.3394  
0.0124 1036.5928  
0.0062 1037.8463  
0.0498 1039.0997  
0.0684 1040.3531  
0.0622 1041.6066  
0.0622 1042.8600  
0.0622 1044.1135  
0.0436 1045.3669  
0.0373 1046.6203  
0.0373 1047.8738  
0.0809 1049.1272  
0.1120 1050.3806  
0.0249 1051.6341  
0.0000 1052.8875  
0.0000 1054.1410  
0.0187 1055.3944  
0.0311 1056.6478  
0.0809 1057.9013  
0.0809 1059.1547  
0.0187 1060.4081  
0.0249 1061.6616  
0.0124 1062.9150  
0.0622 1064.1685  
0.0498 1065.4219  
0.0062 1066.6753  
0.0809 1067.9288  
0.0933 1069.1822  
0.0809 1070.4356  
0.0311 1071.6891  
0.0062 1072.9425  
0.0436 1074.1960  
0.0311 1075.4494  
0.0124 1076.7028  
0.0311 1077.9563  
0.0373 1079.2097  
0.0373 1080.4631  
0.0187 1081.7166  
0.0373 1082.9700  
0.0249 1084.2235  
0.0062 1085.4769  
0.0062 1086.7303  
0.0311 1087.9838  
0.0436 1089.2372  
0.0436 1090.4906  
0.0187 1091.7441  
0.0373 1092.9975  
0.0498 1094.2510  
0.0560 1095.5044  
0.0622 1096.7578  
0.0249 1098.0113  
0.0124 1099.2647  
0.0373 1100.5181  
0.0373 1101.7716  
0.0187 1103.0250  
0.0311 1104.2785  
0.0622 1105.5319  
0.0809 1106.7853  
0.0249 1108.0388  
0.0124 1109.2922  
0.0311 1110.5456  
0.0249 1111.7991  
0.0187 1113.0525  
0.0249 1114.3060  
0.0187 1115.5594  
0.0187 1116.8128  
0.0436 1118.0663  
0.0124 1119.3197  
0.0311 1120.5731  
0.0249 1121.8266  
0.0062 1123.0800  
0.0187 1124.3335  
0.0311 1125.5869  
0.0124 1126.8403  
0.0560 1128.0938  
0.0249 1129.3472  
0.0249 1130.6006  
0.0187 1131.8541  
0.0436 1133.1075  
0.0124 1134.3610  
0.0249 1135.6144  
0.0187 1136.8678  
0.0622 1138.1213  
0.0747 1139.3747  
0.0560 1140.6281  
0.0124 1141.8816  
0.0436 1143.1350  
0.0000 1144.3885  
0.0436 1145.6419  
0.0622 1146.8953  
0.0373 1148.1488  
0.0249 1149.4022  
0.0498 1150.6556  
0.0311 1151.9091  
0.0124 1153.1625  
0.0498 1154.4160  
0.0560 1155.6694  
0.0124 1156.9228  
0.0249 1158.1763  
0.0373 1159.4297  
0.0436 1160.6831  
0.0747 1161.9366  
0.0560 1163.1900  
0.0311 1164.4435  
0.0124 1165.6969  
0.0187 1166.9503  
0.0187 1168.2038  
0.0124 1169.4572  
0.0560 1170.7106  
0.0249 1171.9641  
0.0684 1173.2175  
0.0622 1174.4710  
0.0560 1175.7244  
0.0124 1176.9778  
0.0062 1178.2313  
0.0000 1179.4847  
0.0436 1180.7381  
0.0249 1181.9916  
0.0124 1183.2450  
0.0498 1184.4985  
0.0809 1185.7519  
0.0373 1187.0053  
0.0373 1188.2588  
0.0498 1189.5122  
0.0311 1190.7656  
0.0187 1192.0191  
0.0311 1193.2725  
0.0809 1194.5260  
0.0373 1195.7794  
0.0498 1197.0328  
0.0373 1198.2863  
0.0373 1199.5397  
0.0124 1200.7931  
0.0124 1202.0466  
0.0436 1203.3000  
0.0187 1204.5535  
0.0187 1205.8069  
0.0622 1207.0603  
0.1120 1208.3138  
0.0684 1209.5672  
0.0622 1210.8206  
0.0498 1212.0741  
0.0622 1213.3275  
0.0498 1214.5810  
0.0249 1215.8344  
0.0000 1217.0878  
0.0436 1218.3413  
0.0871 1219.5947  
0.0871 1220.8481  
0.0747 1222.1016  
0.0560 1223.3550  
0.0747 1224.6085  
0.0311 1225.8619  
0.0436 1227.1153  
0.0311 1228.3688  
0.0000 1229.6222  
0.0062 1230.8756  
0.0498 1232.1291  
0.0311 1233.3825  
0.0249 1234.6360  
0.0000 1235.8894  
0.0311 1237.1428  
0.0062 1238.3963  
0.0311 1239.6497  
0.0187 1240.9031  
0.0373 1242.1566  
0.0871 1243.4100  
0.0436 1244.6635  
0.0124 1245.9169  
0.0311 1247.1703  
0.0249 1248.4238  
0.0062 1249.6772  
0.0062 1250.9306  
0.0311 1252.1841  
0.0684 1253.4375  
0.0498 1254.6910  
0.0249 1255.9444  
0.0124 1257.1978  
0.0062 1258.4513  
0.0436 1259.7047  
0.0373 1260.9581  
0.0062 1262.2116  
0.0187 1263.4650  
0.0187 1264.7185  
0.0000 1265.9719  
0.0187 1267.2253  
0.0311 1268.4788  
0.0124 1269.7322  
0.0124 1270.9856  
0.0373 1272.2391  
0.0311 1273.4925  
0.0249 1274.7460  
0.0249 1275.9994  
0.0311 1277.2528  
0.0249 1278.5063  
0.0373 1279.7597  
0.0311 1281.0131  
0.0062 1282.2666  
0.0124 1283.5200  
0.0311 1284.7735  
0.0124 1286.0269  
0.0249 1287.2803  
0.0498 1288.5338  
0.0684 1289.7872  
0.0249 1291.0406  
0.0124 1292.2941  
0.0187 1293.5475  
0.0187 1294.8010  
0.0062 1296.0544  
0.0436 1297.3078  
0.0124 1298.5613  
0.0124 1299.8147  
0.0373 1301.0681  
0.0249 1302.3216  
0.0249 1303.5750  
0.0498 1304.8285  
0.0684 1306.0819  
0.0498 1307.3353  
0.0249 1308.5888  
0.0560 1309.8422  
0.0747 1311.0956  
0.0560 1312.3491  
0.0062 1313.6025  
0.0187 1314.8560  
0.0187 1316.1094  
0.0187 1317.3628  
0.0560 1318.6163  
0.0311 1319.8697  
0.0124 1321.1231  
0.0187 1322.3766  
0.0249 1323.6300  
0.0373 1324.8835  
0.0498 1326.1369  
0.0124 1327.3903  
0.0249 1328.6438  
0.0436 1329.8972  
0.0124 1331.1506  
0.0062 1332.4041  
0.0436 1333.6575  
0.0311 1334.9110  
0.0249 1336.1644  
0.0311 1337.4178  
0.0622 1338.6713  
0.0187 1339.9247  
0.0062 1341.1781  
0.0622 1342.4316  
0.0498 1343.6850  
0.0311 1344.9385  
0.0124 1346.1919  
0.0311 1347.4453  
0.0249 1348.6988  
0.0249 1349.9522  
0.0373 1351.2056  
0.0809 1352.4591  
0.0498 1353.7125  
0.0249 1354.9660  
0.0124 1356.2194  
0.0249 1357.4728  
0.0124 1358.7263  
0.0249 1359.9797  
0.0124 1361.2331  
0.0124 1362.4866  
0.0187 1363.7400  
0.0000 1364.9935  
0.0062 1366.2469  
0.0062 1367.5003  
0.0124 1368.7538  
0.0124 1370.0072  
0.0249 1371.2606  
0.0436 1372.5141  
0.0187 1373.7675  
0.0187 1375.0210  
0.0311 1376.2744  
0.0249 1377.5278  
0.0436 1378.7813  
0.0373 1380.0347  
0.0622 1381.2881  
0.0373 1382.5416  
0.0249 1383.7950  
0.0311 1385.0485  
0.0436 1386.3019  
0.0311 1387.5553  
0.0560 1388.8088  
0.0311 1390.0622  
0.0311 1391.3156  
0.0124 1392.5691  
0.0187 1393.8225  
0.0311 1395.0760  
0.0436 1396.3294  
0.0000 1397.5828  
0.0062 1398.8363  
0.0311 1400.0897  
0.0311 1401.3431  
0.0000 1402.5966  
0.0062 1403.8500  
0.0124 1405.1035  
0.0000 1406.3569  
0.0124 1407.6103  
0.0373 1408.8638  
0.0249 1410.1172  
0.0124 1411.3706  
0.0249 1412.6241  
0.0187 1413.8775  
0.0747 1415.1310  
0.0560 1416.3844  
0.0249 1417.6378  
0.0311 1418.8913  
0.0187 1420.1447  
0.0249 1421.3981  
0.0062 1422.6516  
0.0249 1423.9050  
0.0249 1425.1585  
0.0124 1426.4119  
0.0062 1427.6653  
0.0311 1428.9188  
0.0187 1430.1722  
0.0498 1431.4256  
0.0311 1432.6791  
0.0187 1433.9325  
0.0124 1435.1860  
0.0187 1436.4394  
0.0249 1437.6928  
0.0311 1438.9463  
0.0436 1440.1997  
0.0560 1441.4531  
0.0373 1442.7066  
0.0124 1443.9600  
0.0000 1445.2135  
0.0187 1446.4669  
0.0062 1447.7203  
0.0249 1448.9738  
0.0062 1450.2272  
0.0062 1451.4806  
0.0311 1452.7341  
0.0436 1453.9875  
0.0249 1455.2410  
0.0249 1456.4944  
0.0436 1457.7478  
0.0187 1459.0013  
0.0124 1460.2547  
0.0124 1461.5081  
0.0249 1462.7616  
0.0498 1464.0150  
0.0498 1465.2685  
0.0249 1466.5219  
0.0311 1467.7753  
0.0373 1469.0288  
0.0311 1470.2822  
0.0747 1471.5356  
0.0560 1472.7891  
0.0373 1474.0425  
0.0249 1475.2960  
0.0249 1476.5494  
0.0436 1477.8028  
0.0498 1479.0563  
0.0311 1480.3097  
0.0000 1481.5631  
0.0249 1482.8166  
0.0311 1484.0700  
0.0436 1485.3235  
0.0311 1486.5769  
0.0187 1487.8303  
0.0249 1489.0838  
0.0187 1490.3372  
0.0000 1491.5906  
0.0062 1492.8441  
0.0249 1494.0975  
0.0187 1495.3510  
0.0062 1496.6044  
0.0311 1497.8578  
0.0187 1499.1113  
0.0124 1500.3647  
0.0124 1501.6181  
0.0187 1502.8716  
0.0124 1504.1250  
0.0373 1505.3785  
0.0622 1506.6319  
0.0311 1507.8853  
0.0124 1509.1388  
0.0249 1510.3922  
0.0187 1511.6456  
0.0187 1512.8991  
0.0187 1514.1525  
0.0124 1515.4060  
0.0187 1516.6594  
0.0062 1517.9128  
0.0249 1519.1663  
0.0249 1520.4197  
0.0062 1521.6731  
0.0000 1522.9266  
0.0311 1524.1800  
0.0000 1525.4335  
0.0124 1526.6869  
0.0062 1527.9403  
0.0249 1529.1938  
0.0311 1530.4472  
0.0124 1531.7006  
0.0062 1532.9541  
0.0249 1534.2075  
0.0249 1535.4610  
0.0249 1536.7144  
0.0373 1537.9678  
0.0249 1539.2213  
0.0124 1540.4747  
0.0124 1541.7281  
0.0124 1542.9816  
0.0062 1544.2350  
0.0062 1545.4885  
0.0249 1546.7419  
0.0187 1547.9953  
0.0249 1549.2488  
0.0124 1550.5022  
0.0187 1551.7556  
0.0249 1553.0091  
0.0249 1554.2625  
0.0249 1555.5160  
0.0249 1556.7694  
0.0187 1558.0228  
0.0498 1559.2763  
0.0809 1560.5297  
0.0373 1561.7831  
0.0249 1563.0366  
0.0062 1564.2900  
0.0311 1565.5435  
0.0436 1566.7969  
0.0062 1568.0503  
0.0187 1569.3038  
0.0124 1570.5572  
0.0249 1571.8106  
0.0062 1573.0641  
0.0124 1574.3175  
0.0187 1575.5710  
0.0062 1576.8244  
0.0311 1578.0778  
0.0311 1579.3313  
0.0187 1580.5847  
0.0311 1581.8381  
0.0436 1583.0916  
0.0498 1584.3450  
0.0249 1585.5985  
0.0187 1586.8519  
0.0124 1588.1053  
0.0000 1589.3588  
0.0187 1590.6122  
0.0124 1591.8656  
0.0311 1593.1191  
0.0062 1594.3725  
0.0062 1595.6260  
0.0187 1596.8794  
0.0187 1598.1328  
0.0373 1599.3863  
0.0436 1600.6397  
0.0124 1601.8931  
0.0311 1603.1466  
0.0311 1604.4000  
0.0187 1605.6535  
0.0187 1606.9069  
0.0311 1608.1603  
0.0249 1609.4138  
0.0062 1610.6672  
0.0124 1611.9206  
0.0000 1613.1741  
0.0311 1614.4275  
0.0062 1615.6810  
0.0311 1616.9344  
0.0249 1618.1878  
0.0124 1619.4413  
0.0124 1620.6947  
0.0124 1621.9481  
0.0311 1623.2016  
0.0187 1624.4550  
0.0124 1625.7085  
0.0000 1626.9619  
0.0249 1628.2153  
0.0187 1629.4688  
0.0124 1630.7222  
0.0000 1631.9756  
0.0311 1633.2291  
0.0124 1634.4825  
0.0062 1635.7360  
0.0187 1636.9894  
0.0187 1638.2428  
0.0062 1639.4963  
0.0000 1640.7497  
0.0187 1642.0031  
0.0436 1643.2566  
0.0187 1644.5100  
0.0062 1645.7635  
0.0187 1647.0169  
0.0062 1648.2703  
0.0187 1649.5238  
0.0124 1650.7772  
0.0062 1652.0307  
0.0249 1653.2841  
0.0249 1654.5375  
0.0249 1655.7910  
0.0062 1657.0444  
0.0062 1658.2978  
0.0311 1659.5513  
0.0311 1660.8047  
0.0124 1662.0582  
0.0498 1663.3116  
0.0311 1664.5650  
0.0000 1665.8185  
0.0622 1667.0719  
0.0684 1668.3253  
0.0498 1669.5788  
0.0124 1670.8322  
0.0124 1672.0857  
0.0249 1673.3391  
0.0622 1674.5925  
0.0062 1675.8460  
0.0373 1677.0994  
0.0124 1678.3528  
0.0373 1679.6063  
0.0249 1680.8597  
0.0373 1682.1132  
0.0187 1683.3666  
0.0124 1684.6200  
0.0249 1685.8735  
0.0311 1687.1269  
0.0436 1688.3803  
0.0560 1689.6338  
0.0311 1690.8872  
0.0311 1692.1407  
0.0436 1693.3941  
0.0249 1694.6475  
0.0311 1695.9010  
0.0124 1697.1544  
0.0187 1698.4078  
0.0187 1699.6613  
0.0187 1700.9147  
0.0311 1702.1682  
0.0373 1703.4216  
0.0311 1704.6750  
0.0498 1705.9285  
0.0373 1707.1819  
0.0124 1708.4353  
0.0124 1709.6888  
0.0187 1710.9422  
0.0187 1712.1957  
0.0062 1713.4491  
0.0187 1714.7025  
0.0560 1715.9560  
0.0373 1717.2094  
0.0187 1718.4628  
0.0311 1719.7163  
0.0311 1720.9697  
0.0436 1722.2232  
0.0187 1723.4766  
0.0249 1724.7300  
0.0249 1725.9835  
0.0124 1727.2369  
0.0373 1728.4903  
0.0187 1729.7438  
0.0311 1730.9972  
0.0124 1732.2507  
0.0000 1733.5041  
0.0124 1734.7575  
0.0187 1736.0110  
0.0000 1737.2644  
0.0124 1738.5178  
0.0373 1739.7713  
0.0187 1741.0247  
0.0000 1742.2782  
0.0311 1743.5316  
0.0436 1744.7850  
0.0311 1746.0385  
0.0311 1747.2919  
0.0000 1748.5453  
0.0187 1749.7988  
0.0560 1751.0522  
0.0373 1752.3057  
0.0560 1753.5591  
0.0498 1754.8125  
0.0622 1756.0660  
0.0311 1757.3194  
0.0373 1758.5728  
0.0187 1759.8263  
0.0311 1761.0797  
0.0187 1762.3332  
0.0187 1763.5866  
0.0124 1764.8400  
0.0062 1766.0935  
0.0062 1767.3469  
0.0124 1768.6003  
0.0062 1769.8538  
0.0062 1771.1072  
0.0249 1772.3607  
0.0062 1773.6141  
0.0062 1774.8675  
0.0124 1776.1210  
0.0062 1777.3744  
0.0000 1778.6278  
0.0187 1779.8813  
0.0062 1781.1347  
0.0124 1782.3882  
0.0124 1783.6416  
0.0062 1784.8950  
0.0311 1786.1485  
0.0062 1787.4019  
0.0124 1788.6553  
0.0311 1789.9088  
0.0062 1791.1622  
0.0187 1792.4157  
0.0124 1793.6691  
0.0062 1794.9225  
0.0373 1796.1760  
0.0187 1797.4294  
0.0373 1798.6828  
0.0187 1799.9363  
0.0124 1801.1897  
0.0124 1802.4432  
0.0249 1803.6966  
0.0187 1804.9500  
0.0249 1806.2035  
0.0373 1807.4569  
0.0436 1808.7103  
0.0062 1809.9638  
0.0000 1811.2172  
0.0436 1812.4707  
0.0373 1813.7241  
0.0187 1814.9775  
0.0124 1816.2310  
0.0436 1817.4844  
0.0436 1818.7378  
0.0124 1819.9913  
0.0249 1821.2447  
0.0124 1822.4982  
0.0124 1823.7516  
0.0062 1825.0050  
0.0124 1826.2585  
0.0124 1827.5119  
0.0124 1828.7653  
0.0062 1830.0188  
0.0311 1831.2722  
0.0373 1832.5257  
0.0249 1833.7791  
0.0187 1835.0325  
0.0187 1836.2860  
0.0249 1837.5394  
0.0311 1838.7928  
0.0187 1840.0463  
0.0062 1841.2997  
0.0124 1842.5532  
0.0187 1843.8066  
0.0249 1845.0600  
0.0249 1846.3135  
0.0124 1847.5669  
0.0249 1848.8203  
0.0249 1850.0738  
0.0187 1851.3272  
0.0249 1852.5807  
0.0062 1853.8341  
0.0187 1855.0875  
0.0249 1856.3410  
0.0124 1857.5944  
0.0062 1858.8478  
0.0373 1860.1013  
0.0062 1861.3547  
0.0187 1862.6082  
0.0062 1863.8616  
0.0249 1865.1150  
0.0187 1866.3685  
0.0311 1867.6219  
0.0311 1868.8753  
0.0311 1870.1288  
0.0436 1871.3822  
0.0062 1872.6357  
0.0062 1873.8891  
0.0187 1875.1425  
0.0124 1876.3960  
0.0062 1877.6494  
0.0000 1878.9028  
0.0373 1880.1563  
0.0373 1881.4097  
0.0311 1882.6632  
0.0249 1883.9166  
0.0000 1885.1700  
0.0311 1886.4235  
0.0249 1887.6769  
0.0000 1888.9303  
0.0062 1890.1838  
0.0124 1891.4372  
0.0062 1892.6907  
0.0249 1893.9441  
0.0373 1895.1975  
0.0373 1896.4510  
0.0187 1897.7044  
0.0187 1898.9578  
0.0187 1900.2113  
0.0498 1901.4647  
0.0124 1902.7182  
0.0187 1903.9716  
0.0187 1905.2250  
0.0124 1906.4785  
0.0124 1907.7319  
0.0062 1908.9853  
0.0124 1910.2388  
0.0124 1911.4922  
0.0124 1912.7457  
0.0124 1913.9991  
0.0124 1915.2525  
0.0187 1916.5060  
0.0187 1917.7594  
0.0124 1919.0128  
0.0000 1920.2663  
0.0187 1921.5197  
0.0124 1922.7732  
0.0124 1924.0266  
0.0249 1925.2800  
0.0311 1926.5335  
0.0311 1927.7869  
0.0062 1929.0403  
0.0311 1930.2938  
0.0311 1931.5472  
0.0187 1932.8007  
0.0249 1934.0541  
0.0373 1935.3075  
0.0249 1936.5610  
0.0062 1937.8144  
0.0187 1939.0678  
0.0436 1940.3213  
0.0124 1941.5747  
0.0124 1942.8282  
0.0249 1944.0816  
0.0373 1945.3350  
0.0124 1946.5885  
0.0311 1947.8419  
0.0062 1949.0953  
0.0124 1950.3488  
0.0187 1951.6022  
0.0000 1952.8557  
0.0062 1954.1091  
0.0062 1955.3625  
0.0062 1956.6160  
0.0187 1957.8694  
0.0062 1959.1228  
0.0187 1960.3763  
0.0062 1961.6297  
0.0124 1962.8832  
0.0311 1964.1366  
0.0187 1965.3900  
0.0249 1966.6435  
0.0124 1967.8969  
0.0124 1969.1503  
0.0124 1970.4038  
0.0062 1971.6572  
0.0187 1972.9107  
0.0124 1974.1641  
0.0062 1975.4175  
0.0187 1976.6710  
0.0124 1977.9244  
0.0000 1979.1778  
0.0062 1980.4313  
0.0062 1981.6847  
0.0124 1982.9382  
0.0062 1984.1916  
0.0000 1985.4450  
0.0062 1986.6985  
0.0124 1987.9519  
0.0124 1989.2053  
0.0124 1990.4588  
0.0000 1991.7122  
0.0311 1992.9657  
0.0311 1994.2191  
0.0436 1995.4725  
0.0124 1996.7260  
0.0187 1997.9794  
0.0436 1999.2328  
0.0124 2000.4863  
0.0124 2001.7397  
0.0124 2002.9932  
0.0124 2004.2466  
0.0373 2005.5000  
0.0124 2006.7535  
0.0062 2008.0069  
0.0000 2009.2603  
0.0124 2010.5138  
0.0062 2011.7672  
0.0000 2013.0207  
0.0249 2014.2741  
0.0062 2015.5275  
0.0124 2016.7810  
0.0373 2018.0344  
0.0062 2019.2878  
0.0062 2020.5413  
0.0187 2021.7947  
0.0187 2023.0482  
0.0124 2024.3016  
0.0124 2025.5550  
0.0062 2026.8085  
0.0062 2028.0619  
0.0000 2029.3153  
0.0311 2030.5688  
0.0311 2031.8222  
0.0373 2033.0757  
0.0373 2034.3291  
0.0187 2035.5825  
0.0311 2036.8360  
0.0249 2038.0894  
0.0187 2039.3428  
0.0311 2040.5963  
0.0187 2041.8497  
0.0000 2043.1032  
0.0000 2044.3566  
0.0062 2045.6100  
0.0124 2046.8635  
0.0311 2048.1169  
0.0373 2049.3703  
0.0062 2050.6238  
0.0062 2051.8772  
0.0187 2053.1307  
0.0436 2054.3841  
0.0187 2055.6375  
0.0187 2056.8910  
0.0311 2058.1444  
0.0187 2059.3978  
0.0062 2060.6513  
0.0249 2061.9047  
0.0187 2063.1582  
0.0187 2064.4116  
0.0311 2065.6650  
0.0249 2066.9185  
0.0062 2068.1719  
0.0062 2069.4253  
0.0373 2070.6788  
0.0187 2071.9322  
0.0249 2073.1857  
0.0187 2074.4391  
0.0124 2075.6925  
0.0124 2076.9460  
0.0311 2078.1994  
0.0062 2079.4528  
0.0062 2080.7063  
0.0124 2081.9597  
0.0124 2083.2132  
0.0062 2084.4666  
0.0124 2085.7200  
0.0124 2086.9735  
0.0062 2088.2269  
0.0062 2089.4803  
0.0187 2090.7338  
0.0187 2091.9872  
0.0187 2093.2407  
0.0311 2094.4941  
0.0249 2095.7475  
0.0249 2097.0010  
0.0311 2098.2544  
0.0062 2099.5078  
0.0249 2100.7613  
0.0311 2102.0147  
0.0249 2103.2682  
0.0124 2104.5216  
0.0000 2105.7750  
0.0124 2107.0285  
0.0124 2108.2819  
0.0062 2109.5353  
0.0062 2110.7888  
0.0124 2112.0422  
0.0124 2113.2957  
0.0124 2114.5491  
0.0000 2115.8025  
0.0062 2117.0560  
0.0187 2118.3094  
0.0062 2119.5628  
0.0249 2120.8163  
0.0187 2122.0697  
0.0000 2123.3232  
0.0373 2124.5766  
0.0373 2125.8300  
0.0311 2127.0835  
0.0124 2128.3369  
0.0124 2129.5903  
0.0124 2130.8438  
0.0249 2132.0972  
0.0062 2133.3507  
0.0187 2134.6041  
0.0249 2135.8575  
0.0311 2137.1110  
0.0187 2138.3644  
0.0124 2139.6178  
0.0311 2140.8713  
0.0187 2142.1247  
0.0187 2143.3782  
0.0124 2144.6316  
0.0124 2145.8850  
0.0249 2147.1385  
0.0124 2148.3919  
0.0311 2149.6453  
0.0187 2150.8988  
0.0187 2152.1522  
0.0187 2153.4057  
0.0124 2154.6591  
0.0062 2155.9125  
0.0062 2157.1660  
0.0249 2158.4194  
0.0062 2159.6728  
0.0062 2160.9263  
0.0124 2162.1797  
0.0062 2163.4332  
0.0062 2164.6866  
0.0124 2165.9400  
0.0124 2167.1935  
0.0311 2168.4469  
0.0124 2169.7003  
0.0124 2170.9538  
0.0124 2172.2072  
0.0187 2173.4607  
0.0249 2174.7141  
0.0249 2175.9675  
0.0062 2177.2210  
0.0000 2178.4744  
0.0124 2179.7278  
0.0311 2180.9813  
0.0187 2182.2347  
0.0124 2183.4882  
0.0249 2184.7416  
0.0249 2185.9950  
0.0124 2187.2485  
0.0062 2188.5019  
0.0062 2189.7553  
0.0249 2191.0088  
0.0187 2192.2622  
0.0124 2193.5157  
0.0062 2194.7691  
0.0062 2196.0225  
0.0124 2197.2760  
0.0187 2198.5294  
0.0187 2199.7828  
0.0187 2201.0363  
0.0187 2202.2897  
0.0062 2203.5432  
0.0062 2204.7966  
0.0187 2206.0500  
0.0062 2207.3035  
0.0311 2208.5569  
0.0062 2209.8103  
0.0124 2211.0638  
0.0187 2212.3172  
0.0062 2213.5707  
0.0124 2214.8241  
0.0000 2216.0775  
0.0062 2217.3310  
0.0124 2218.5844  
0.0000 2219.8378  
0.0062 2221.0913  
0.0124 2222.3447  
0.0062 2223.5982  
0.0124 2224.8516  
0.0062 2226.1050  
0.0124 2227.3585  
0.0062 2228.6119  
0.0000 2229.8653  
0.0249 2231.1188  
0.0124 2232.3722  
0.0249 2233.6257  
0.0124 2234.8791  
0.0124 2236.1325  
0.0187 2237.3860  
0.0124 2238.6394  
0.0124 2239.8928  
0.0062 2241.1463  
0.0187 2242.3997  
0.0249 2243.6532  
0.0187 2244.9066  
0.0124 2246.1600  
0.0062 2247.4135  
0.0187 2248.6669  
0.0187 2249.9203  
0.0062 2251.1738  
0.0311 2252.4272  
0.0124 2253.6807  
0.0249 2254.9341  
0.0311 2256.1875  
0.0436 2257.4410  
0.0373 2258.6944  
0.0249 2259.9478  
0.0311 2261.2013  
0.0124 2262.4547  
0.0187 2263.7082  
0.0249 2264.9616  
0.0249 2266.2150  
0.0062 2267.4685  
0.0000 2268.7219  
0.0124 2269.9753  
0.0124 2271.2288  
0.0124 2272.4822  
0.0124 2273.7357  
0.0249 2274.9891  
0.0249 2276.2425  
0.0187 2277.4960  
0.0124 2278.7494  
0.0124 2280.0028  
0.0000 2281.2563  
0.0124 2282.5097  
0.0062 2283.7632  
0.0000 2285.0166  
0.0062 2286.2700  
0.0187 2287.5235  
0.0062 2288.7769  
0.0124 2290.0303  
0.0311 2291.2838  
0.0187 2292.5372  
0.0062 2293.7907  
0.0187 2295.0441  
0.0249 2296.2975  
0.0187 2297.5510  
0.0187 2298.8044  
0.0062 2300.0578  
0.0000 2301.3113  
0.0249 2302.5647  
0.0187 2303.8182  
0.0249 2305.0716  
0.0311 2306.3250  
0.0062 2307.5785  
0.0187 2308.8319  
0.0062 2310.0853  
0.0249 2311.3388  
0.0124 2312.5922  
0.0187 2313.8457  
0.0000 2315.0991  
0.0062 2316.3525  
0.0062 2317.6060  
0.0187 2318.8594  
0.0062 2320.1128  
0.0249 2321.3663  
0.0249 2322.6197  
0.0187 2323.8732  
0.0249 2325.1266  
0.0062 2326.3800  
0.0311 2327.6335  
0.0311 2328.8869  
0.0373 2330.1403  
0.0373 2331.3938  
0.0062 2332.6472  
0.0124 2333.9007  
0.0124 2335.1541  
0.0187 2336.4075  
0.0187 2337.6610  
0.0187 2338.9144  
0.0373 2340.1678  
0.0187 2341.4213  
0.0311 2342.6747  
0.0187 2343.9282  
0.0187 2345.1816  
0.0187 2346.4350  
0.0062 2347.6885  
0.0124 2348.9419  
0.0311 2350.1953  
0.0000 2351.4488  
0.0249 2352.7022  
0.0249 2353.9557  
0.0124 2355.2091  
0.0187 2356.4625  
0.0249 2357.7160  
0.0062 2358.9694  
0.0311 2360.2228  
0.0249 2361.4763  
0.0187 2362.7297  
0.0062 2363.9832  
0.0187 2365.2366  
0.0062 2366.4900  
0.0000 2367.7435  
0.0062 2368.9969  
0.0062 2370.2503  
0.0187 2371.5038  
0.0062 2372.7572  
0.0062 2374.0107  
0.0187 2375.2641  
0.0187 2376.5175  
0.0062 2377.7710  
0.0062 2379.0244  
0.0062 2380.2778  
0.0187 2381.5313  
0.0124 2382.7847  
0.0498 2384.0382  
0.0311 2385.2916  
0.0187 2386.5450  
0.0124 2387.7985  
0.0187 2389.0519  
0.0187 2390.3053  
0.0249 2391.5588  
0.0187 2392.8122  
0.0373 2394.0657  
0.0249 2395.3191  
0.0311 2396.5725  
0.0124 2397.8260  
0.0124 2399.0794  
0.0124 2400.3328  
0.0249 2401.5863  
0.0187 2402.8397  
0.0124 2404.0932  
0.0062 2405.3466  
0.0249 2406.6000  
0.0249 2407.8535  
0.0062 2409.1069  
0.0187 2410.3603  
0.0062 2411.6138  
0.0187 2412.8672  
0.0187 2414.1207  
0.0187 2415.3741  
0.0187 2416.6275  
0.0124 2417.8810  
0.0124 2419.1344  
0.0373 2420.3878  
0.0311 2421.6413  
0.0249 2422.8947  
0.0124 2424.1482  
0.0311 2425.4016  
0.0000 2426.6550  
0.0249 2427.9085  
0.0124 2429.1619  
0.0124 2430.4153  
0.0249 2431.6688  
0.0124 2432.9222  
0.0187 2434.1757  
0.0062 2435.4291  
0.0124 2436.6825  
0.0062 2437.9360  
0.0000 2439.1894  
0.0124 2440.4428  
0.0062 2441.6963  
0.0062 2442.9497  
0.0187 2444.2032  
0.0062 2445.4566  
0.0124 2446.7100  
0.0062 2447.9635  
0.0062 2449.2169  
0.0187 2450.4703  
0.0187 2451.7238  
0.0187 2452.9772  
0.0249 2454.2307  
0.0187 2455.4841  
0.0124 2456.7375  
0.0187 2457.9910  
0.0311 2459.2444  
0.0062 2460.4978  
0.0249 2461.7513  
0.0062 2463.0047  
0.0124 2464.2582  
0.0187 2465.5116  
0.0436 2466.7650  
0.0373 2468.0185  
0.0124 2469.2719  
0.0249 2470.5254  
0.0187 2471.7788  
0.0000 2473.0322  
0.0124 2474.2857  
0.0187 2475.5391  
0.0124 2476.7925  
0.0062 2478.0460  
0.0000 2479.2994  
0.0124 2480.5529  
0.0124 2481.8063  
0.0187 2483.0597  
0.0062 2484.3132  
0.0062 2485.5666  
0.0187 2486.8200  
0.0062 2488.0735  
0.0062 2489.3269  
0.0062 2490.5804  
0.0124 2491.8338  
0.0062 2493.0872  
0.0249 2494.3407  
0.0124 2495.5941  
0.0062 2496.8475  
0.0000 2498.1010  
0.0124 2499.3544  
0.0062 2500.6079  
0.0187 2501.8613  
0.0000 2503.1147  
0.0187 2504.3682  
0.0187 2505.6216  
0.0062 2506.8750  
0.0187 2508.1285  
0.0062 2509.3819  
0.0062 2510.6354  
0.0124 2511.8888  
0.0249 2513.1422  
0.0187 2514.3957  
0.0124 2515.6491  
0.0124 2516.9025  
0.0187 2518.1560  
0.0124 2519.4094  
0.0187 2520.6629  
0.0187 2521.9163  
0.0000 2523.1697  
0.0124 2524.4232  
0.0062 2525.6766  
0.0062 2526.9300  
0.0062 2528.1835  
0.0187 2529.4369  
0.0062 2530.6904  
0.0062 2531.9438  
0.0124 2533.1972  
0.0373 2534.4507  
0.0249 2535.7041  
0.0062 2536.9575  
0.0062 2538.2110  
0.0062 2539.4644  
0.0124 2540.7179  
0.0000 2541.9713  
0.0062 2543.2247  
0.0187 2544.4782  
0.0124 2545.7316  
0.0062 2546.9850  
0.0187 2548.2385  
0.0000 2549.4919  
0.0062 2550.7454  
0.0249 2551.9988  
0.0124 2553.2522  
0.0187 2554.5057  
0.0062 2555.7591  
0.0062 2557.0125  
0.0062 2558.2660  
0.0249 2559.5194  
0.0124 2560.7729  
0.0124 2562.0263  
0.0124 2563.2797  
0.0187 2564.5332  
0.0311 2565.7866  
0.0124 2567.0400  
0.0062 2568.2935  
0.0124 2569.5469  
0.0062 2570.8004  
0.0187 2572.0538  
0.0062 2573.3072  
0.0000 2574.5607  
0.0062 2575.8141  
0.0000 2577.0675  
0.0000 2578.3210  
0.0124 2579.5744  
0.0124 2580.8279  
0.0124 2582.0813  
0.0187 2583.3347  
0.0187 2584.5882  
0.0187 2585.8416  
0.0124 2587.0950  
0.0124 2588.3485  
0.0249 2589.6019  
0.0000 2590.8554  
0.0124 2592.1088  
0.0062 2593.3622  
0.0124 2594.6157  
0.0062 2595.8691  
0.0124 2597.1225  
0.0124 2598.3760  
0.0187 2599.6294  
0.0249 2600.8829  
0.0498 2602.1363  
0.0311 2603.3897  
0.0124 2604.6432  
0.0187 2605.8966  
0.0062 2607.1500  
0.0124 2608.4035  
0.0124 2609.6569  
0.0062 2610.9104  
0.0187 2612.1638  
0.0187 2613.4172  
0.0124 2614.6707  
0.0249 2615.9241  
0.0124 2617.1775  
0.0124 2618.4310  
0.0062 2619.6844  
0.0124 2620.9379  
0.0187 2622.1913  
0.0062 2623.4447  
0.0062 2624.6982  
0.0000 2625.9516  
0.0062 2627.2050  
0.0124 2628.4585  
0.0187 2629.7119  
0.0062 2630.9654  
0.0249 2632.2188  
0.0249 2633.4722  
0.0062 2634.7257  
0.0062 2635.9791  
0.0249 2637.2325  
0.0062 2638.4860  
0.0124 2639.7394  
0.0187 2640.9929  
0.0000 2642.2463  
0.0124 2643.4997  
0.0249 2644.7532  
0.0187 2646.0066  
0.0062 2647.2600  
0.0062 2648.5135  
0.0000 2649.7669  
0.0187 2651.0204  
0.0311 2652.2738  
0.0311 2653.5272  
0.0062 2654.7807  
0.0000 2656.0341  
0.0249 2657.2875  
0.0000 2658.5410  
0.0000 2659.7944  
0.0062 2661.0479  
0.0187 2662.3013  
0.0187 2663.5547  
0.0062 2664.8082  
0.0062 2666.0616  
0.0187 2667.3150  
0.0249 2668.5685  
0.0249 2669.8219  
0.0124 2671.0754  
0.0124 2672.3288  
0.0000 2673.5822  
0.0062 2674.8357  
0.0124 2676.0891  
0.0124 2677.3425  
0.0000 2678.5960  
0.0062 2679.8494  
0.0187 2681.1029  
0.0187 2682.3563  
0.0062 2683.6097  
0.0124 2684.8632  
0.0124 2686.1166  
0.0187 2687.3700  
0.0124 2688.6235  
0.0124 2689.8769  
0.0062 2691.1304  
0.0311 2692.3838  
0.1244 2693.6372  
0.0622 2694.8907  
0.0000 2696.1441  
0.0124 2697.3975  
0.0249 2698.6510  
0.0187 2699.9044  
0.0000 2701.1579  
0.0062 2702.4113  
0.0187 2703.6647  
0.0311 2704.9182  
0.0000 2706.1716  
0.0124 2707.4250  
0.0249 2708.6785  
0.0062 2709.9319  
0.0124 2711.1854  
0.0249 2712.4388  
0.0062 2713.6922  
0.0124 2714.9457  
0.0311 2716.1991  
0.0124 2717.4525  
0.0124 2718.7060  
0.0062 2719.9594  
0.0124 2721.2129  
0.0311 2722.4663  
0.0187 2723.7197  
0.0124 2724.9732  
0.0124 2726.2266  
0.0124 2727.4800  
0.0311 2728.7335  
0.0187 2729.9869  
0.0062 2731.2404  
0.0187 2732.4938  
0.0187 2733.7472  
0.0124 2735.0007  
0.0000 2736.2541  
0.0187 2737.5075  
0.0062 2738.7610  
0.0062 2740.0144  
0.0124 2741.2679  
0.0124 2742.5213  
0.0249 2743.7747  
0.0000 2745.0282  
0.0000 2746.2816  
0.0062 2747.5350  
0.0000 2748.7885  
0.0124 2750.0419  
0.0062 2751.2954  
0.0124 2752.5488  
0.0062 2753.8022  
0.0000 2755.0557  
0.0124 2756.3091  
0.0124 2757.5625  
0.0187 2758.8160  
0.0249 2760.0694  
0.0062 2761.3229  
0.0249 2762.5763  
0.0124 2763.8297  
0.0311 2765.0832  
0.0249 2766.3366  
0.0062 2767.5900  
0.0187 2768.8435  
0.0000 2770.0969  
0.0000 2771.3504  
0.0062 2772.6038  
0.0062 2773.8572  
0.0062 2775.1107  
0.0062 2776.3641  
0.0187 2777.6175  
0.0062 2778.8710  
0.0124 2780.1244  
0.0187 2781.3779  
0.0124 2782.6313  
0.0187 2783.8847  
0.0124 2785.1382  
0.0187 2786.3916  
0.0249 2787.6450  
0.0187 2788.8985  
0.0124 2790.1519  
0.0124 2791.4054  
0.0062 2792.6588  
0.0062 2793.9122  
0.0187 2795.1657  
0.0000 2796.4191  
0.0062 2797.6725  
0.0124 2798.9260  
0.0124 2800.1794  
0.0249 2801.4329  
0.0187 2802.6863  
0.0249 2803.9397  
0.0311 2805.1932  
0.0436 2806.4466  
0.0311 2807.7000  
0.0062 2808.9535  
0.0000 2810.2069  
0.0062 2811.4604  
0.0187 2812.7138  
0.0124 2813.9672  
0.0062 2815.2207  
0.0000 2816.4741  
0.0000 2817.7275  
0.0187 2818.9810  
0.0124 2820.2344  
0.0124 2821.4879  
0.0124 2822.7413  
0.0249 2823.9947  
0.0124 2825.2482  
0.0062 2826.5016  
0.0124 2827.7550  
0.0062 2829.0085  
0.0124 2830.2619  
0.0249 2831.5154  
0.0124 2832.7688  
0.0000 2834.0222  
0.0187 2835.2757  
0.0000 2836.5291  
0.0311 2837.7825  
0.0124 2839.0360  
0.0124 2840.2894  
0.0249 2841.5429  
0.0124 2842.7963  
0.0124 2844.0497  
0.0000 2845.3032  
0.0062 2846.5566  
0.0124 2847.8100  
0.0062 2849.0635  
0.0062 2850.3169  
0.0124 2851.5704  
0.0062 2852.8238  
0.0124 2854.0772  
0.0124 2855.3307  
0.0124 2856.5841  
0.0187 2857.8375  
0.0062 2859.0910  
0.0187 2860.3444  
0.0124 2861.5979  
0.0373 2862.8513  
0.0311 2864.1047  
0.0187 2865.3582  
0.0124 2866.6116  
0.0000 2867.8650  
0.0124 2869.1185  
0.0124 2870.3719  
0.0062 2871.6254  
0.0062 2872.8788  
0.0062 2874.1322  
0.0000 2875.3857  
0.0249 2876.6391  
0.0311 2877.8925  
0.0124 2879.1460  
0.0187 2880.3994  
0.0187 2881.6529  
0.0187 2882.9063  
0.0187 2884.1597  
0.0124 2885.4132  
0.0062 2886.6666  
0.0249 2887.9200  
0.0187 2889.1735  
0.0187 2890.4269  
0.0124 2891.6804  
0.0124 2892.9338  
0.0062 2894.1872  
0.0124 2895.4407  
0.0311 2896.6941  
0.0124 2897.9475  
0.0062 2899.2010  
0.0062 2900.4544  
0.0124 2901.7079  
0.0124 2902.9613  
0.0311 2904.2147  
0.0311 2905.4682  
0.0187 2906.7216  
0.0249 2907.9750  
0.0062 2909.2285  
0.0187 2910.4819  
0.0000 2911.7354  
0.0062 2912.9888  
0.0187 2914.2422  
0.0062 2915.4957  
0.0062 2916.7491  
0.0311 2918.0025  
0.0124 2919.2560  
0.0000 2920.5094  
0.0124 2921.7629  
0.0249 2923.0163  
0.0249 2924.2697  
0.0000 2925.5232  
0.0000 2926.7766  
0.0124 2928.0300  
0.0062 2929.2835  
0.0249 2930.5369  
0.0187 2931.7904  
0.0000 2933.0438  
0.0124 2934.2972  
0.0062 2935.5507  
0.0124 2936.8041  
0.0062 2938.0575  
0.0124 2939.3110  
0.0062 2940.5644  
0.0062 2941.8179  
0.0124 2943.0713  
0.0000 2944.3247  
0.0000 2945.5782  
0.0000 2946.8316  
0.0000 2948.0850  
0.0062 2949.3385  
0.0124 2950.5919  
0.0124 2951.8454  
0.0124 2953.0988  
0.0062 2954.3522  
0.0124 2955.6057  
0.0062 2956.8591  
0.0000 2958.1125  
0.0187 2959.3660  
0.0187 2960.6194  
0.0062 2961.8729  
0.0000 2963.1263  
0.0187 2964.3797  
0.0062 2965.6332  
0.0062 2966.8866  
0.0062 2968.1400  
0.0124 2969.3935  
0.0062 2970.6469  
0.0124 2971.9004  
0.0062 2973.1538  
0.0000 2974.4072  
0.0062 2975.6607  
0.0187 2976.9141  
0.0187 2978.1675  
0.0249 2979.4210  
0.0124 2980.6744  
0.0187 2981.9279  
0.0124 2983.1813  
0.0000 2984.4347  
0.0124 2985.6882  
0.0187 2986.9416  
0.0249 2988.1950  
0.0000 2989.4485  
0.0187 2990.7019  
0.0062 2991.9554  
0.0062 2993.2088  
0.0000 2994.4622  
0.0187 2995.7157  
0.0187 2996.9691  
0.0124 2998.2225  
0.0187 2999.4760  
0.0249 3000.7294  
0.0062 3001.9829  
0.0000 3003.2363  
0.0000 3004.4897  
0.0187 3005.7432  
0.0062 3006.9966  
0.0187 3008.2500  
0.0062 3009.5035  
0.0062 3010.7569  
0.0124 3012.0104  
0.0000 3013.2638  
0.0000 3014.5172  
0.0062 3015.7707  
0.0187 3017.0241  
0.0249 3018.2775  
0.0311 3019.5310  
0.0124 3020.7844  
0.0124 3022.0379  
0.0187 3023.2913  
0.0249 3024.5447  
0.0062 3025.7982  
0.0249 3027.0516  
0.0249 3028.3050  
0.0187 3029.5585  
0.0062 3030.8119  
0.0187 3032.0654  
0.0124 3033.3188  
0.0062 3034.5722  
0.0000 3035.8257  
0.0062 3037.0791  
0.0187 3038.3325  
0.0062 3039.5860  
0.0062 3040.8394  
0.0187 3042.0929  
0.0000 3043.3463  
0.0124 3044.5997  
0.0062 3045.8532  
0.0124 3047.1066  
0.0062 3048.3600  
0.0124 3049.6135  
0.0062 3050.8669  
0.0062 3052.1204  
0.0187 3053.3738  
0.0124 3054.6272  
0.0062 3055.8807  
0.0187 3057.1341  
0.0062 3058.3875  
0.0187 3059.6410  
0.0124 3060.8944  
0.0124 3062.1479  
0.0000 3063.4013  
0.0062 3064.6547  
0.0062 3065.9082  
0.0124 3067.1616  
0.0000 3068.4150  
0.0124 3069.6685  
0.0187 3070.9219  
0.0000 3072.1754  
0.0062 3073.4288  
0.0311 3074.6822  
0.0187 3075.9357  
0.0062 3077.1891  
0.0062 3078.4425  
0.0124 3079.6960  
0.0062 3080.9494  
0.0124 3082.2029  
0.0000 3083.4563  
0.0187 3084.7097  
0.0249 3085.9632  
0.0124 3087.2166  
0.0249 3088.4700  
0.0124 3089.7235  
0.0124 3090.9769  
0.0062 3092.2304  
0.0311 3093.4838  
0.0187 3094.7372  
0.0124 3095.9907  
0.0124 3097.2441  
0.0249 3098.4975  
0.0124 3099.7510  
0.0062 3101.0044  
0.0062 3102.2579  
0.0124 3103.5113  
0.0249 3104.7647  
0.0311 3106.0182  
0.0249 3107.2716  
0.0124 3108.5250  
0.0000 3109.7785  
0.0249 3111.0319  
0.0062 3112.2854  
0.0062 3113.5388  
0.0124 3114.7922  
0.0062 3116.0457  
0.0124 3117.2991  
0.0187 3118.5525  
0.0249 3119.8060  
0.0062 3121.0594  
0.0187 3122.3129  
0.0062 3123.5663  
0.0124 3124.8197  
0.0124 3126.0732  
0.0124 3127.3266  
0.0062 3128.5800  
0.0124 3129.8335  
0.0249 3131.0869  
0.0062 3132.3404  
0.0000 3133.5938  
0.0124 3134.8472  
0.0124 3136.1007  
0.0249 3137.3541  
0.0124 3138.6075  
0.0311 3139.8610  
0.0249 3141.1144  
0.0062 3142.3679  
0.0124 3143.6213  
0.0124 3144.8747  
0.0062 3146.1282  
0.0124 3147.3816  
0.0000 3148.6350  
0.0124 3149.8885  
0.0124 3151.1419  
0.0187 3152.3954  
0.0187 3153.6488  
0.0124 3154.9022  
0.0124 3156.1557  
0.0187 3157.4091  
0.0311 3158.6625  
0.0187 3159.9160  
0.0187 3161.1694  
0.0062 3162.4229  
0.0062 3163.6763  
0.0000 3164.9297  
0.0124 3166.1832  
0.0124 3167.4366  
0.0124 3168.6900  
0.0124 3169.9435  
0.0062 3171.1969  
0.0124 3172.4504  
0.0187 3173.7038  
0.0187 3174.9572  
0.0124 3176.2107  
0.0000 3177.4641  
0.0062 3178.7175  
0.0062 3179.9710  
0.0000 3181.2244  
0.0062 3182.4779  
0.0000 3183.7313  
0.0000 3184.9847  
0.0062 3186.2382  
0.0000 3187.4916  
0.0187 3188.7450  
0.0187 3189.9985  
0.0187 3191.2519  
0.0000 3192.5054  
0.0062 3193.7588  
0.0062 3195.0122  
0.0062 3196.2657  
0.0062 3197.5191  
0.0124 3198.7725  
0.0062 3200.0260  
0.0062 3201.2794  
0.0000 3202.5329  
0.0062 3203.7863  
0.0062 3205.0397  
0.0062 3206.2932  
0.0124 3207.5466  
0.0124 3208.8000  
0.0187 3210.0535  
0.0000 3211.3069  
0.0062 3212.5604  
0.0000 3213.8138  
0.0062 3215.0672  
0.0124 3216.3207  
0.0124 3217.5741  
0.0062 3218.8275  
0.0062 3220.0810  
0.0000 3221.3344  
0.0124 3222.5879  
0.0062 3223.8413  
0.0124 3225.0947  
0.0062 3226.3482  
0.0062 3227.6016  
0.0062 3228.8550  
0.0124 3230.1085  
0.0062 3231.3619  
0.0000 3232.6154  
0.0124 3233.8688  
0.0062 3235.1222  
0.0124 3236.3757  
0.0124 3237.6291  
0.0124 3238.8825  
0.0124 3240.1360  
0.0187 3241.3894  
0.0249 3242.6429  
0.0000 3243.8963  
0.0062 3245.1497  
0.0000 3246.4032  
0.0124 3247.6566  
0.0062 3248.9100  
0.0062 3250.1635  
0.0062 3251.4169  
0.0062 3252.6704  
0.0124 3253.9238  
0.0062 3255.1772  
0.0000 3256.4307  
0.0000 3257.6841  
0.0124 3258.9375  
0.0124 3260.1910  
0.0000 3261.4444  
0.0124 3262.6979  
0.0062 3263.9513  
0.0124 3265.2047  
0.0000 3266.4582  
0.0062 3267.7116  
0.0000 3268.9650  
0.0124 3270.2185  
0.0124 3271.4719  
0.0124 3272.7254  
0.0187 3273.9788  
0.0187 3275.2322  
0.0124 3276.4857  
0.0062 3277.7391  
0.0062 3278.9925  
0.0000 3280.2460  
0.0062 3281.4994  
0.0124 3282.7529  
0.0000 3284.0063  
0.0062 3285.2597  
0.0124 3286.5132  
0.0062 3287.7666  
0.0062 3289.0201  
0.0249 3290.2735  
0.0000 3291.5269  
0.0062 3292.7804  
0.0062 3294.0338  
0.0249 3295.2872  
0.0124 3296.5407  
0.0187 3297.7941  
0.0062 3299.0476  
0.0249 3300.3010  
0.0124 3301.5544  
0.0000 3302.8079  
0.0062 3304.0613  
0.0187 3305.3147  
0.0124 3306.5682  
0.0124 3307.8216  
0.0187 3309.0751  
0.0311 3310.3285  
0.0187 3311.5819  
0.0124 3312.8354  
0.0249 3314.0888  
0.0124 3315.3422  
0.0000 3316.5957  
0.0124 3317.8491  
0.0124 3319.1026  
0.0000 3320.3560  
0.0062 3321.6094  
0.0000 3322.8629  
0.0062 3324.1163  
0.0062 3325.3697  
0.0062 3326.6232  
0.0000 3327.8766  
0.0062 3329.1301  
0.0124 3330.3835  
0.0187 3331.6369  
0.0062 3332.8904  
0.0187 3334.1438  
0.0124 3335.3972  
0.0187 3336.6507  
0.0187 3337.9041  
0.0062 3339.1576  
0.0187 3340.4110  
0.0124 3341.6644  
0.0187 3342.9179  
0.0124 3344.1713  
0.0062 3345.4247  
0.0000 3346.6782  
0.0124 3347.9316  
0.0124 3349.1851  
0.0249 3350.4385  
0.0124 3351.6919  
0.0062 3352.9454  
0.0062 3354.1988  
0.0062 3355.4522  
0.0062 3356.7057  
0.0124 3357.9591  
0.0124 3359.2126  
0.0124 3360.4660  
0.0062 3361.7194  
0.0062 3362.9729  
0.0062 3364.2263  
0.0062 3365.4797  
0.0187 3366.7332  
0.0000 3367.9866  
0.0000 3369.2401  
0.0062 3370.4935  
0.0124 3371.7469  
0.0124 3373.0004  
0.0062 3374.2538  
0.0124 3375.5072  
0.0062 3376.7607  
0.0187 3378.0141  
0.0124 3379.2676  
0.0249 3380.5210  
0.0187 3381.7744  
0.0249 3383.0279  
0.0062 3384.2813  
0.0000 3385.5347  
0.0062 3386.7882  
0.0249 3388.0416  
0.0311 3389.2951  
0.0124 3390.5485  
0.0187 3391.8019  
0.0062 3393.0554  
0.0124 3394.3088  
0.0124 3395.5622  
0.0187 3396.8157  
0.0062 3398.0691  
0.0124 3399.3226  
0.0062 3400.5760  
0.0062 3401.8294  
0.0000 3403.0829  
0.0124 3404.3363  
0.0124 3405.5897  
0.0124 3406.8432  
0.0062 3408.0966  
0.0000 3409.3501  
0.0000 3410.6035  
0.0062 3411.8569  
0.0000 3413.1104  
0.0124 3414.3638  
0.0062 3415.6172  
0.0124 3416.8707  
0.0062 3418.1241  
0.0311 3419.3776  
0.0124 3420.6310  
0.0000 3421.8844  
0.0187 3423.1379  
0.0062 3424.3913  
0.0062 3425.6447  
0.0000 3426.8982  
0.0000 3428.1516  
0.0124 3429.4051  
0.0124 3430.6585  
0.0000 3431.9119  
0.0249 3433.1654  
0.0000 3434.4188  
0.0062 3435.6722  
0.0187 3436.9257  
0.0000 3438.1791  
0.0000 3439.4326  
0.0124 3440.6860  
0.0124 3441.9394  
0.0187 3443.1929  
0.0000 3444.4463  
0.0249 3445.6997  
0.0124 3446.9532  
0.0000 3448.2066  
0.0062 3449.4601  
0.0124 3450.7135  
0.0187 3451.9669  
0.0124 3453.2204  
0.0187 3454.4738  
0.0062 3455.7272  
0.0249 3456.9807  
0.0062 3458.2341  
0.0062 3459.4876  
0.0124 3460.7410  
0.0124 3461.9944  
0.0124 3463.2479  
0.0124 3464.5013  
0.0062 3465.7547  
0.0062 3467.0082  
0.0062 3468.2616  
0.0124 3469.5151  
0.0062 3470.7685  
0.0000 3472.0219  
0.0062 3473.2754  
0.0000 3474.5288  
0.0000 3475.7822  
0.0000 3477.0357  
0.0062 3478.2891  
0.0187 3479.5426  
0.0000 3480.7960  
0.0062 3482.0494  
0.0124 3483.3029  
0.0062 3484.5563  
0.0062 3485.8097  
0.0000 3487.0632  
0.0062 3488.3166  
0.0062 3489.5701  
0.0062 3490.8235  
0.0000 3492.0769  
0.0000 3493.3304  
0.0124 3494.5838  
0.0062 3495.8372  
0.0187 3497.0907  
0.0062 3498.3441  
0.0000 3499.5976  
0.0311 3500.8510  
0.0062 3502.1044  
0.0000 3503.3579  
0.0249 3504.6113  
0.0187 3505.8647  
0.0187 3507.1182  
0.0187 3508.3716  
0.0062 3509.6251  
0.0062 3510.8785  
0.0124 3512.1319  
0.0000 3513.3854  
0.0000 3514.6388  
0.0187 3515.8922  
0.0062 3517.1457  
0.0062 3518.3991  
0.0124 3519.6526  
0.0000 3520.9060  
0.0124 3522.1594  
0.0062 3523.4129  
0.0062 3524.6663  
0.0062 3525.9197  
0.0187 3527.1732  
0.0062 3528.4266  
0.0062 3529.6801  
0.0062 3530.9335  
0.0124 3532.1869  
0.0000 3533.4404  
0.0000 3534.6938  
0.0124 3535.9472  
0.0124 3537.2007  
0.0000 3538.4541  
0.0124 3539.7076  
0.0062 3540.9610  
0.0124 3542.2144  
0.0062 3543.4679  
0.0062 3544.7213  
0.0062 3545.9747  
0.0062 3547.2282  
0.0124 3548.4816  
0.0124 3549.7351  
0.0062 3550.9885  
0.0062 3552.2419  
0.0187 3553.4954  
0.0062 3554.7488  
0.0000 3556.0022  
0.0062 3557.2557  
0.0187 3558.5091  
0.0187 3559.7626  
0.0062 3561.0160  
0.0187 3562.2694  
0.0000 3563.5229  
0.0124 3564.7763  
0.0124 3566.0297  
0.0124 3567.2832  
0.0062 3568.5366  
0.0062 3569.7901  
0.0062 3571.0435  
0.0187 3572.2969  
0.0000 3573.5504  
0.0000 3574.8038  
0.0000 3576.0572  
0.0062 3577.3107  
0.0062 3578.5641  
0.0062 3579.8176  
0.0062 3581.0710  
0.0187 3582.3244  
0.0000 3583.5779  
0.0062 3584.8313  
0.0124 3586.0847  
0.0062 3587.3382  
0.0062 3588.5916  
0.0000 3589.8451  
0.0000 3591.0985  
0.0000 3592.3519  
0.0124 3593.6054  
0.0062 3594.8588  
0.0187 3596.1122  
0.0187 3597.3657  
0.0124 3598.6191  
0.0000 3599.8726  
0.0062 3601.1260  
0.0000 3602.3794  
0.0062 3603.6329  
0.0124 3604.8863  
0.0124 3606.1397  
0.0062 3607.3932  
0.0000 3608.6466  
0.0062 3609.9001  
0.0124 3611.1535  
0.0062 3612.4069  
0.0000 3613.6604  
0.0124 3614.9138  
0.0062 3616.1672  
0.0062 3617.4207  
0.0124 3618.6741  
0.0000 3619.9276  
0.0000 3621.1810  
0.0062 3622.4344  
0.0062 3623.6879  
0.0062 3624.9413  
0.0062 3626.1947  
0.0062 3627.4482  
0.0062 3628.7016  
0.0000 3629.9551  
0.0187 3631.2085  
0.0062 3632.4619  
0.0062 3633.7154  
0.0187 3634.9688  
0.0187 3636.2222  
0.0062 3637.4757  
0.0000 3638.7291  
0.0187 3639.9826  
0.0062 3641.2360  
0.0062 3642.4894  
0.0062 3643.7429  
0.0000 3644.9963  
0.0062 3646.2497  
0.0187 3647.5032  
0.0062 3648.7566  
0.0062 3650.0101  
0.0000 3651.2635  
0.0000 3652.5169  
0.0062 3653.7704  
0.0062 3655.0238  
0.0000 3656.2772  
0.0000 3657.5307  
0.0062 3658.7841  
0.0062 3660.0376  
0.0000 3661.2910  
0.0062 3662.5444  
0.0062 3663.7979  
0.0000 3665.0513  
0.0062 3666.3047  
0.0000 3667.5582  
0.0062 3668.8116  
0.0062 3670.0651  
0.0062 3671.3185  
0.0124 3672.5719  
0.0062 3673.8254  
0.0124 3675.0788  
0.0062 3676.3322  
0.0062 3677.5857  
0.0187 3678.8391  
0.0000 3680.0926  
0.0062 3681.3460  
0.0062 3682.5994  
0.0062 3683.8529  
0.0187 3685.1063  
0.0124 3686.3597  
0.0000 3687.6132  
0.0124 3688.8666  
0.0062 3690.1201  
0.0062 3691.3735  
0.0124 3692.6269  
0.0062 3693.8804  
0.0187 3695.1338  
0.0000 3696.3872  
0.0000 3697.6407  
0.0062 3698.8941  
0.0124 3700.1476  
0.0062 3701.4010  
0.0124 3702.6544  
0.0062 3703.9079  
0.0062 3705.1613  
0.0062 3706.4147  
0.0124 3707.6682  
0.0187 3708.9216  
0.0062 3710.1751  
0.0062 3711.4285  
0.0000 3712.6819  
0.0187 3713.9354  
0.0062 3715.1888  
0.0062 3716.4422  
0.0062 3717.6957  
0.0000 3718.9491  
0.0124 3720.2026  
0.0062 3721.4560  
0.0187 3722.7094  
0.0062 3723.9629  
0.0062 3725.2163  
0.0000 3726.4697  
0.0062 3727.7232  
0.0124 3728.9766  
0.0187 3730.2301  
0.0062 3731.4835  
0.0187 3732.7369  
0.0000 3733.9904  
0.0062 3735.2438  
0.0124 3736.4972  
0.0124 3737.7507  
0.0062 3739.0041  
0.0124 3740.2576  
0.0062 3741.5110  
0.0124 3742.7644  
0.0062 3744.0179  
0.0062 3745.2713  
0.0124 3746.5247  
0.0000 3747.7782  
0.0062 3749.0316  
0.0187 3750.2851  
0.0124 3751.5385  
0.0124 3752.7919  
0.0124 3754.0454  
0.0000 3755.2988  
0.0062 3756.5522  
0.0000 3757.8057  
0.0000 3759.0591  
0.0124 3760.3126  
0.0000 3761.5660  
0.0124 3762.8194  
0.0000 3764.0729  
0.0124 3765.3263  
0.0124 3766.5797  
0.0187 3767.8332  
0.0062 3769.0866  
0.0062 3770.3401  
0.0124 3771.5935  
0.0000 3772.8469  
0.0000 3774.1004  
0.0000 3775.3538  
0.0124 3776.6072  
0.0000 3777.8607  
0.0062 3779.1141  
0.0124 3780.3676  
0.0000 3781.6210  
0.0062 3782.8744  
0.0062 3784.1279  
0.0062 3785.3813  
0.0000 3786.6347  
0.0000 3787.8882  
0.0249 3789.1416  
0.0124 3790.3951  
0.0124 3791.6485  
0.0124 3792.9019  
0.0000 3794.1554  
0.0124 3795.4088  
0.0062 3796.6622  
0.0124 3797.9157  
0.0000 3799.1691  
0.0062 3800.4226  
0.0062 3801.6760  
0.0000 3802.9294  
0.0000 3804.1829  
0.0000 3805.4363  
0.0124 3806.6897  
0.0062 3807.9432  
0.0062 3809.1966  
0.0124 3810.4501  
0.0062 3811.7035  
0.0124 3812.9569  
0.0124 3814.2104  
0.0187 3815.4638  
0.0187 3816.7172  
0.0000 3817.9707  
0.0062 3819.2241  
0.0187 3820.4776  
0.0062 3821.7310  
0.0062 3822.9844  
0.0062 3824.2379  
0.0062 3825.4913  
0.0062 3826.7447  
0.0124 3827.9982  
0.0124 3829.2516  
0.0187 3830.5051  
0.0000 3831.7585  
0.0124 3833.0119  
0.0000 3834.2654  
0.0062 3835.5188  
0.0062 3836.7722  
0.0124 3838.0257  
0.0062 3839.2791  
0.0000 3840.5326  
0.0124 3841.7860  
0.0124 3843.0394  
0.0124 3844.2929  
0.0000 3845.5463  
0.0062 3846.7997  
0.0000 3848.0532  
0.0062 3849.3066  
0.0124 3850.5601  
0.0000 3851.8135  
0.0062 3853.0669  
0.0062 3854.3204  
0.0124 3855.5738  
0.0000 3856.8272  
0.0000 3858.0807  
0.0062 3859.3341  
0.0062 3860.5876  
0.0000 3861.8410  
0.0124 3863.0944  
0.0000 3864.3479  
0.0062 3865.6013  
0.0062 3866.8547  
0.0000 3868.1082  
0.0000 3869.3616  
0.0124 3870.6151  
0.0062 3871.8685  
0.0124 3873.1219  
0.0124 3874.3754  
0.0000 3875.6288  
0.0124 3876.8822  
0.0062 3878.1357  
0.0000 3879.3891  
0.0062 3880.6426  
0.0062 3881.8960  
0.0062 3883.1494  
0.0062 3884.4029  
0.0062 3885.6563  
0.0187 3886.9097  
0.0000 3888.1632  
0.0000 3889.4166  
0.0000 3890.6701  
0.0124 3891.9235  
0.0062 3893.1769  
0.0124 3894.4304  
0.0000 3895.6838  
0.0062 3896.9372  
0.0000 3898.1907  
0.0124 3899.4441  
0.0124 3900.6976  
0.0249 3901.9510  
0.0124 3903.2044  
0.0062 3904.4579  
0.0062 3905.7113  
0.0062 3906.9647  
0.0000 3908.2182  
0.0124 3909.4716  
0.0062 3910.7251  
0.0187 3911.9785  
0.0062 3913.2319  
0.0187 3914.4854  
0.0124 3915.7388  
0.0062 3916.9922  
0.0187 3918.2457  
0.0124 3919.4991  
0.0187 3920.7526  
0.0124 3922.0060  
0.0062 3923.2594  
0.0062 3924.5129  
0.0000 3925.7663  
0.0062 3927.0197  
0.0000 3928.2732  
0.0000 3929.5266  
0.0124 3930.7801  
0.0000 3932.0335  
0.0000 3933.2869  
0.0124 3934.5404  
0.0062 3935.7938  
0.0062 3937.0472  
0.0124 3938.3007  
0.0000 3939.5541  
0.0062 3940.8076  
0.0062 3942.0610  
0.0000 3943.3144  
0.0124 3944.5679  
0.0062 3945.8213  
0.0062 3947.0747  
0.0187 3948.3282  
0.0062 3949.5816  
0.0062 3950.8351  
0.0062 3952.0885  
0.0124 3953.3419  
0.0062 3954.5954  
0.0124 3955.8488  
0.0000 3957.1022  
0.0062 3958.3557  
0.0062 3959.6091  
0.0000 3960.8626  
0.0062 3962.1160  
0.0062 3963.3694  
0.0000 3964.6229  
0.0000 3965.8763  
0.0062 3967.1297  
0.0187 3968.3832  
0.0062 3969.6366  
0.0062 3970.8901  
0.0062 3972.1435  
0.0062 3973.3969  
0.0062 3974.6504  
0.0000 3975.9038  
0.0062 3977.1572  
0.0062 3978.4107  
0.0124 3979.6641  
0.0062 3980.9176  
0.0124 3982.1710  
0.0124 3983.4244  
0.0249 3984.6779  
0.0062 3985.9313  
0.0000 3987.1847  
0.0062 3988.4382  
0.0062 3989.6916  
0.0000 3990.9451  
0.0062 3992.1985  
0.0000 3993.4519  
0.0124 3994.7054  
0.0124 3995.9588  
0.0062 3997.2122  
0.0124 3998.4657  
0.0000 3999.7191  
0.0062 4000.9726  
0.0124 4002.2260  
0.0062 4003.4794  
0.0000 4004.7329  
0.0000 4005.9863  
0.0124 4007.2397  
0.0062 4008.4932  
0.0000 4009.7466  
